   8.8224000e-01   1.4084100e-01  -1.3655300e-01  -1.3044000e-01  -1.6338600e-01  -6.6464000e-02  -2.7794000e-02   3.1116000e-02   5.1760000e-03  -2.7190000e-02  -3.9960000e-02  -4.7353000e-02  -4.6588000e-02  -4.3707000e-02  -5.2612000e-02  -3.2680000e-03   1.1068000e-02   5.8240000e-03   9.0930000e-03  -3.0000000e-05   2.5300000e-03  -8.2500000e-04  -2.8540000e-03  -7.4500000e-04  -1.4160000e-03  -1.2300000e-03  -1.6060000e-03  -1.4950000e-03  -5.1200000e-04  -2.7600000e-04  -2.7884400e-01  -3.2655000e-02   4.9686000e-02   5.3866000e-02   6.8849000e-02   2.7431000e-02   1.0719000e-02  -1.0587000e-02   2.1100000e-04   6.5020000e-03   1.3510000e-02   1.6620000e-02   1.5644000e-02   1.3002000e-02   1.6331000e-02  -1.5311540e+00   1.3397910e+00  -7.1067400e-01  -7.8100000e-03   1.9253970e+00  -9.3004000e-01  -1.1392400e-01   1.5948382e-01  -1.5358746e-02   1.3649918e-01  -1.2672524e-01   5.1003230e-02  -2.0642348e-01   5.6106552e-03  -5.1730145e-01   4.5971340e-02  -2.0897568e-02   2.8698418e-01  -4.6657396e-01   1.4895965e-01  -8.4960930e-02   2.7312424e-02  -2.8952418e-03   2.1821484e-02  -1.2272519e-02  -2.6432456e-01  -1.1515032e-01   2.4376507e-01  -8.1693432e-02   2.4437486e-01  -1.6720840e-02   1.8903215e-02  -2.0395305e-01   1.4526778e-01  -6.3469913e-02   1.1878508e-01  -2.5685515e-02   8.3490414e-03  -1.4754254e-02   1.5874204e-02  -8.4677100e-03   4.6035812e-04  -1.1065382e-02   2.1929281e-02  -2.7995031e-02   8.6958260e-03  -3.1351266e-03   9.6577031e-03  -6.9136798e-03   6.4694437e-03   3.5953133e-03   6.0312965e-03  -2.0773779e-03   8.4340940e-04   9.8324299e-04   9.0527730e-04   1.8878356e-03   1.1801941e-03   1.9629152e+01
   1.4084100e-01   5.8066700e-01  -2.3786000e-02  -4.7270000e-02  -1.7921000e-02   8.8120000e-03  -5.6661000e-02  -1.4219000e-02   1.1391000e-02  -2.3533000e-02  -1.1767000e-02  -2.5647000e-02  -2.8158000e-02  -3.1267000e-02  -2.6306000e-02  -1.1556000e-02  -1.4800000e-04  -3.9100000e-04   3.8070000e-03   1.0126000e-02   2.0130000e-03   2.8540000e-03  -2.0500000e-04   2.0300000e-04   5.2400000e-04   2.1400000e-04   5.2100000e-04  -2.6100000e-04  -2.4300000e-04  -4.3600000e-04  -3.1650000e-02  -2.7433500e-01  -1.4219000e-02  -3.4210000e-03   1.4397000e-02   4.2950000e-03   2.6937000e-02   8.3810000e-03   1.8300000e-04   9.2200000e-03   7.0100000e-04   1.4306000e-02   1.1928000e-02   1.4388000e-02   9.5850000e-03  -6.2957600e-01   4.9197400e-01  -7.3013800e-01   4.9728300e-01   7.3001600e-01  -3.3883100e-01   7.2306000e-02   7.1423716e-02   3.7202581e-02  -1.7009346e-01   9.0722948e-02  -7.9443871e-03  -3.0363119e-01   6.1121689e-01   1.0718463e-01   2.9640363e-02  -1.3473295e-01  -5.2534809e-02  -6.9124699e-02  -5.4306654e-02  -5.8923842e-02  -3.6022749e-03  -2.5210107e-02   3.2487688e-02  -1.9511401e-01  -3.5596142e-01   4.5427564e-01  -1.3852817e-01   7.9602903e-02  -2.4442037e-02   5.2375434e-02   1.4853342e-01  -5.5269217e-02  -8.5636760e-02   4.3253905e-02  -4.7956016e-03   3.0172463e-02   5.4071655e-02  -1.1600923e-02  -2.1588465e-02   1.3727938e-02  -5.1862908e-03  -6.2868732e-02  -2.9381296e-02  -6.7827017e-03  -6.9073158e-03   8.0961881e-03  -5.7888787e-03   8.6827800e-03  -1.2602029e-02   2.8144767e-03  -4.8285659e-03   3.8702727e-03  -4.6631408e-03   7.7430215e-04   1.0712023e-03  -2.1779249e-03  -2.0818772e-03   4.5120517e+00
  -1.3655300e-01  -2.3786000e-02   4.3268800e-01   9.4127000e-02  -6.6282000e-02   2.0627000e-02  -2.0402000e-02  -4.4687000e-02  -1.2340000e-02   2.3547000e-02   2.3508000e-02   9.6710000e-03   9.7400000e-04  -2.9030000e-03  -1.3860000e-03  -4.5250000e-03   6.1800000e-04  -1.0900000e-04   1.9100000e-04   2.8140000e-03   5.9300000e-04  -1.7820000e-03   2.7100000e-04   6.6800000e-04  -3.7800000e-04   1.2950000e-03   4.0800000e-04  -2.6700000e-04  -1.8000000e-04  -2.4400000e-04   4.9695000e-02  -1.4221000e-02  -1.9428100e-01  -3.6753000e-02   1.6736000e-02  -1.2718000e-02   6.9020000e-03   1.7908000e-02   7.8690000e-03  -5.9340000e-03  -8.8570000e-03  -2.1330000e-03   2.2470000e-03   2.6790000e-03   2.7140000e-03   2.9651000e-01  -2.1714900e-01   1.5947900e-01   1.2050100e-01  -3.3924900e-01  -5.7803000e-02   5.5151000e-02  -2.5574542e-02   5.9433575e-02  -1.7399585e-02   6.3470791e-02   9.1205825e-02   5.9922778e-01   2.7469946e-01  -1.6761997e-01  -2.8538616e-01   1.6460405e-01  -1.5875828e-01  -1.8155153e-01  -3.8451908e-02  -5.4828144e-02  -5.6181823e-02   8.6715994e-03  -7.5830067e-02  -9.2435385e-03   1.8836477e-01   3.6443232e-01   1.5986941e-01  -3.2796747e-02   9.7099586e-02  -1.1126338e-01  -1.8340454e-01  -1.0667152e-01   2.3424574e-01   6.6702097e-02   6.6392296e-02   5.3199396e-02   2.0149218e-02   8.2494521e-02  -6.2786873e-02  -9.5940629e-03   2.0887760e-02   1.2045612e-02  -4.4615495e-03   7.0843458e-03   1.6520019e-03  -5.3602884e-03   5.3014349e-05  -1.1099674e-03   5.5400400e-03   1.8328489e-04   4.1486045e-04   2.0989585e-04   2.5015336e-03  -8.9738382e-04   7.5535987e-04   1.8126440e-04   3.5595913e-04   3.1610589e+00
  -1.3044000e-01  -4.7270000e-02   9.4127000e-02   3.3221800e-01  -2.7425000e-02  -3.7028000e-02   2.1067000e-02  -3.9950000e-03  -1.4428000e-02   1.0499000e-02   2.9307000e-02   9.7310000e-03   1.5690000e-02   1.4380000e-03   1.0410000e-02  -9.4030000e-03  -3.7850000e-03  -3.0600000e-04   2.4000000e-05  -1.4000000e-04  -2.9900000e-04   9.7700000e-04   9.7400000e-04   8.8700000e-04   7.6000000e-04  -3.0700000e-04   2.1450000e-03   5.8800000e-04   6.3000000e-04   7.1100000e-04   5.3148000e-02  -3.3270000e-03  -3.6698000e-02  -1.7217300e-01  -7.2500000e-04   1.3756000e-02  -3.7870000e-03  -1.5960000e-03   8.1960000e-03   1.2570000e-03  -1.2505000e-02  -3.5510000e-03  -4.2930000e-03   2.0410000e-03  -2.7780000e-03   3.8415100e-01  -8.1746000e-02   4.1903000e-02   1.4042000e-01  -4.7112100e-01  -3.4966000e-02   2.6034000e-02  -2.7494936e-02   8.2227223e-02  -5.4528467e-02  -9.0394590e-03  -6.1000172e-02   3.5038866e-01   1.7248340e-02  -3.0899403e-02   5.5134165e-01  -6.7359949e-02   2.9993985e-01   5.4896010e-02  -5.9007283e-04  -6.6825627e-02  -1.4734773e-02  -4.5870485e-03  -8.7243356e-02   1.1344406e-02   1.8314414e-01   1.9869993e-01   9.3752341e-02  -3.5380575e-02  -6.8036822e-02   1.8760198e-01   4.2346442e-01  -8.3908523e-02  -9.7472402e-02  -3.0898768e-01   1.4699192e-01  -4.0018537e-02  -3.0933039e-02   1.5984994e-02  -5.5861938e-02  -1.3577617e-02  -2.8509904e-02  -2.5137883e-02  -5.8409170e-02   1.1454335e-02  -2.1074421e-02   9.5952988e-03   6.4229666e-03   9.4152585e-03   4.4051830e-03   4.6153259e-03  -8.8969276e-03  -4.2737826e-04  -9.9707583e-04   3.7382975e-03   2.3968275e-03  -1.4430877e-04   5.6200008e-04   2.1628550e+00
  -1.6338600e-01  -1.7921000e-02  -6.6282000e-02  -2.7425000e-02   2.6992000e-01   1.5292000e-02   5.6950000e-03   1.4602000e-02   1.0833000e-02  -2.5280000e-03   7.7510000e-03   2.4545000e-02   2.0206000e-02   2.3593000e-02   1.6109000e-02  -7.8500000e-04  -1.0411000e-02  -3.0640000e-03   2.5700000e-04   1.1000000e-05  -2.6970000e-03   2.7010000e-03   1.3380000e-03  -4.0500000e-04   1.3820000e-03   7.2500000e-04   6.7600000e-04   1.2920000e-03   8.4200000e-04   6.3700000e-04   6.8873000e-02   1.4408000e-02   1.6714000e-02  -7.7400000e-04  -1.3771800e-01  -8.2430000e-03   4.8430000e-03  -3.1050000e-03  -7.2940000e-03   3.2600000e-03   7.3000000e-05  -1.0457000e-02  -6.8170000e-03  -8.1940000e-03  -4.7260000e-03   3.3486800e-01  -3.1031300e-01   2.9774400e-01  -3.6876000e-02  -4.2416300e-01   1.2666600e-01  -9.2660000e-03  -3.6815199e-02   8.9178572e-03   1.5956824e-02   2.3050916e-02   7.3986873e-02  -2.1153662e-01  -4.3015508e-02   4.3029747e-01   5.8375977e-02   1.7103134e-01  -2.9800273e-02  -4.0555375e-01   2.3477322e-01  -3.5037465e-02   1.1482476e-01   2.9765095e-02  -6.0088810e-02   9.8853278e-02   2.1754767e-01   3.7503118e-02  -2.3345499e-01   1.0155565e-01  -1.7528645e-01  -4.2645976e-02   3.2079110e-02  -1.2015294e-01   4.3262003e-01  -1.1169819e-01   3.1390974e-01  -5.3368571e-02  -9.1259002e-02   9.7318562e-03  -1.2053659e-02  -7.0993548e-02   5.3296958e-03  -2.9377181e-02  -1.0289126e-02   2.3302073e-02   1.6264902e-02  -1.8489764e-02   1.4582818e-02   4.3496154e-03   1.0789143e-02   3.4482986e-03  -2.0072730e-03   2.5236897e-03   3.2919105e-03   3.0813424e-03   1.2275587e-04   4.4182906e-04   1.5282287e-03   1.1708302e+00
  -6.6464000e-02   8.8120000e-03   2.0627000e-02  -3.7028000e-02   1.5292000e-02   1.8325600e-01  -9.1230000e-03  -1.5394000e-02   7.8390000e-03   4.6740000e-03  -3.2500000e-03   9.9530000e-03   1.1322000e-02   6.0730000e-03   1.1106000e-02  -3.1620000e-03  -2.0600000e-03  -6.5500000e-04   3.8200000e-04   2.7490000e-03   1.6000000e-05  -1.1590000e-03   8.7800000e-04  -4.7900000e-04  -1.5200000e-04   7.7800000e-04  -8.0000000e-05   6.0000000e-05   3.6200000e-04   1.3000000e-05   2.6926000e-02   4.2510000e-03  -1.2727000e-02   1.3816000e-02  -8.1410000e-03  -1.2178300e-01   1.9680000e-03   1.4515000e-02  -3.2310000e-03  -2.7490000e-03   2.5430000e-03  -1.6380000e-03  -3.9770000e-03  -3.0600000e-03  -4.5110000e-03   7.1642000e-02  -1.3059600e-01   1.6555000e-02   8.8440000e-02  -1.3149900e-01   8.1121000e-02  -2.5326000e-02  -1.0255811e-02  -4.6179255e-04  -3.7586660e-02   3.7247821e-02   5.0006562e-02  -4.7154108e-03  -2.0828961e-02   1.0500456e-01  -3.4744138e-01  -2.3641549e-01   3.9627566e-01  -6.1005975e-02  -1.8731726e-01   1.1650154e-01   3.1439343e-02  -1.0197720e-02  -3.8033279e-03  -1.6738022e-02   1.1944239e-01   2.0444544e-02  -1.4160434e-01   1.7319972e-02  -2.7156311e-02  -1.3132111e-01  -2.7851042e-01  -2.9762952e-01  -4.1516172e-01  -3.0902421e-01   2.7231205e-01   1.2251520e-01  -7.0199285e-02   7.9501895e-02   2.2347214e-02  -2.4308373e-02  -5.9711650e-02  -5.0965182e-02  -1.9043071e-02   8.9631812e-03  -1.5697745e-02  -1.2700711e-03  -6.9524579e-03   1.2789727e-02   2.3953234e-03  -8.1542434e-03   3.2704390e-03   4.0077715e-03   1.1906096e-03  -1.3470167e-03  -5.3056593e-04   1.6949260e-03   1.0190154e-03   6.2795913e-01
  -2.7794000e-02  -5.6661000e-02  -2.0402000e-02   2.1067000e-02   5.6950000e-03  -9.1230000e-03   1.5688700e-01  -8.8000000e-04  -8.0360000e-03   1.6358000e-02   1.0525000e-02   8.5890000e-03   1.4996000e-02   1.3524000e-02   8.6970000e-03  -1.1000000e-05  -3.0920000e-03   1.6590000e-03  -9.0900000e-04  -2.6960000e-03   1.1590000e-03  -1.1000000e-05  -7.3300000e-04   4.8100000e-04   1.2400000e-04   1.4000000e-04   1.1000000e-04   1.8000000e-05   2.5000000e-05   2.6400000e-04   1.0883000e-02   2.7016000e-02   6.8970000e-03  -3.8010000e-03   4.8740000e-03   1.9080000e-03  -1.1007600e-01   8.2400000e-04   1.0058000e-02  -6.3110000e-03  -1.4200000e-03  -2.5770000e-03  -2.9380000e-03  -5.5020000e-03  -2.4080000e-03   9.4000000e-02  -8.6531000e-02   9.6669000e-02  -7.1092000e-02  -1.1872700e-01   8.1397000e-02  -2.4947000e-02  -1.1520076e-02  -1.0549707e-02   1.6725845e-02  -1.2519967e-02  -9.9746126e-03   3.2219170e-02  -1.1033447e-01  -5.6757650e-04   1.0916549e-01  -4.7934045e-01  -2.5645367e-01  -1.8037984e-01  -6.4797546e-03  -1.1595746e-01  -8.4913752e-02  -1.0842972e-01   1.5095759e-02   5.7471470e-02   1.4182998e-01  -7.3184321e-02   2.3812949e-02   2.5945801e-02  -4.2236819e-02   1.9282509e-02   1.4462102e-01  -2.3851347e-01  -1.6445661e-01   5.7743255e-01   2.2712840e-01   1.1589542e-01  -7.3528305e-02   2.4103659e-01  -1.0130386e-01   3.8531757e-02  -5.1562154e-03  -2.0278856e-02   2.8249553e-02   2.3323515e-02   2.4536029e-02   4.2656088e-03  -2.5912540e-03  -4.3973270e-03   1.0707879e-02  -4.5012977e-03   3.1686751e-03  -5.1350728e-03  -3.0594762e-03  -2.6815539e-03  -3.1864885e-04   1.2083994e-05  -7.3943608e-04   6.1153281e-01
   3.1116000e-02  -1.4219000e-02  -4.4687000e-02  -3.9950000e-03   1.4602000e-02  -1.5394000e-02  -8.8000000e-04   1.2857000e-01   6.0400000e-04  -2.0030000e-03   1.1121000e-02  -2.7940000e-03   8.4200000e-03   1.5020000e-03   3.2790000e-03   2.5940000e-03   1.3200000e-04  -2.8800000e-04  -9.8400000e-04  -1.4000000e-03  -8.8200000e-04   7.4600000e-04   2.6000000e-05  -7.4300000e-04   3.6400000e-04  -7.9100000e-04  -9.2000000e-05  -3.2700000e-04  -1.9000000e-05  -5.2000000e-05  -1.0342000e-02   8.3880000e-03   1.7940000e-02  -1.6540000e-03  -3.1560000e-03   1.4490000e-02   8.0900000e-04  -9.4327000e-02   6.1800000e-04   6.7010000e-03  -4.2540000e-03   1.4270000e-03  -2.5680000e-03   1.1360000e-03  -8.6300000e-04  -3.3561000e-02   6.6584000e-02  -3.1860000e-03  -6.4973000e-02   4.4918000e-02  -1.0153000e-02  -2.8404000e-02   3.7560429e-03  -6.0892415e-03   1.9158523e-02  -3.0552212e-02  -3.2163889e-02  -6.7275384e-02  -4.6416443e-02   2.0710764e-02   1.3156792e-01   1.4270401e-01  -6.9254220e-02  -2.0973914e-01  -4.5390708e-01   1.9515161e-01   4.7906747e-02  -1.0024620e-01  -1.4691391e-01  -7.5231119e-03  -2.8675410e-02  -9.4147621e-02  -2.8213748e-02  -2.2115890e-02  -4.0778865e-02   5.3931678e-02   6.0128729e-02  -9.9928001e-02   1.4465407e-01  -1.1703887e-01  -2.7209226e-01   6.2234729e-01   3.9107725e-02   1.1993865e-01  -2.5902672e-01   1.0471060e-01  -5.0078627e-02   5.2590828e-02  -2.8669267e-02  -1.4385173e-03  -1.8251176e-02   1.3214025e-02  -5.9606872e-03   5.4745781e-03  -9.1800627e-03   3.7850801e-03   5.3475511e-03  -5.1448068e-03   1.4191108e-04   4.5929707e-03  -1.6602410e-03  -6.7144358e-04   1.7375998e-03   5.2588730e-01
   5.1760000e-03   1.1391000e-02  -1.2340000e-02  -1.4428000e-02   1.0833000e-02   7.8390000e-03  -8.0360000e-03   6.0400000e-04   1.1866100e-01   5.2470000e-03   9.2470000e-03   1.2318000e-02   4.9990000e-03   1.1828000e-02   3.8280000e-03   3.1400000e-04  -2.9500000e-04  -6.6400000e-04  -8.9200000e-04   3.3900000e-04   4.3200000e-04  -5.3900000e-04   7.8700000e-04   5.4000000e-05  -6.4100000e-04  -1.7400000e-04  -3.8900000e-04  -1.5000000e-04  -1.9400000e-04  -8.4000000e-05   6.3200000e-04   1.9500000e-04   7.8190000e-03   8.2140000e-03  -7.3640000e-03  -3.2200000e-03   1.0069000e-02   6.6100000e-04  -8.6323000e-02  -1.0650000e-03   1.9980000e-03  -4.6690000e-03  -3.9700000e-04  -3.5940000e-03   8.5300000e-04  -1.4212000e-02   4.8670000e-03  -5.5610000e-03  -9.1140000e-03   4.3804000e-02  -1.4948000e-02  -3.8603000e-02   2.1825511e-03  -2.2794290e-03   6.7705197e-03   7.5597818e-03  -2.9894672e-03  -4.4515538e-02  -1.0283769e-03   5.5452252e-02  -5.1486989e-02   1.1613269e-01   1.0161900e-01   2.3355718e-02  -1.6791042e-01  -4.8096457e-01  -1.2842432e-01  -2.5200327e-01   6.5847945e-02   8.2735428e-02  -1.8040847e-02  -3.7690557e-02  -6.0620314e-02   4.7402706e-02  -7.5920980e-03  -5.7476032e-02  -1.1496931e-02  -2.0749398e-01   1.9515698e-02  -7.9981329e-02  -3.8204836e-01  -3.2256405e-01  -3.9443376e-01   2.7700621e-01  -2.4486068e-01  -5.9638537e-02   9.5965380e-02  -1.2175673e-02   3.7061690e-03  -8.1001489e-03   1.3264524e-02   1.9301850e-02  -3.3100847e-03  -6.8477482e-03   7.5243282e-03  -8.2347416e-03   8.1820078e-03  -7.1705932e-04  -4.3478993e-03   6.2937176e-04  -5.5099769e-03   3.3999205e-04  -4.5230243e-04   4.0820683e-01
  -2.7190000e-02  -2.3533000e-02   2.3547000e-02   1.0499000e-02  -2.5280000e-03   4.6740000e-03   1.6358000e-02  -2.0030000e-03   5.2470000e-03   1.0256600e-01   1.0161000e-02   1.0678000e-02   1.1597000e-02  -1.8200000e-04   4.9820000e-03   1.2070000e-03  -5.8800000e-04   3.6900000e-04  -7.0600000e-04  -1.4000000e-03   1.6400000e-04  -1.3100000e-04  -3.6100000e-04   6.9900000e-04   5.3000000e-05  -7.5300000e-04  -4.1000000e-05  -4.9900000e-04  -1.8300000e-04  -1.4200000e-04   6.8500000e-03   9.2360000e-03  -6.0150000e-03   1.2310000e-03   3.2310000e-03  -2.8080000e-03  -6.2930000e-03   6.7000000e-03  -1.0810000e-03  -7.7259000e-02  -3.6810000e-03   3.5100000e-04  -2.0930000e-03   2.0490000e-03  -7.4200000e-04   7.7963000e-02  -5.8911000e-02   4.6328000e-02  -4.0417000e-02  -5.6362000e-02   2.6800000e-02  -2.3053000e-02  -6.6614286e-03  -1.1938264e-03   1.1430011e-02   7.0273092e-03  -1.7714049e-02   5.8708009e-02  -9.5729294e-03  -2.6067072e-03  -3.6465144e-02  -9.9137846e-02  -4.6432971e-02   3.5902127e-02  -3.9085627e-02  -2.2906371e-01   4.1051844e-01   4.4948218e-02  -3.4552334e-01  -5.1098392e-02  -7.5890567e-03  -2.2235631e-02  -4.1079589e-03  -5.8665769e-02  -1.1209466e-03   2.0647753e-02  -2.3353958e-02  -1.6491264e-01  -3.7822641e-02   1.2351185e-01  -8.5745732e-02   5.5782732e-02  -2.6371451e-01  -6.5184712e-01  -1.2970415e-01  -1.9721580e-01  -1.2901816e-01  -4.0476686e-02   4.4300901e-02  -7.1194897e-04  -6.8501885e-02   6.1623372e-03   1.0011926e-02  -1.0225024e-03   2.7538257e-03   7.3751345e-03   7.0840810e-03  -4.4041451e-03  -6.0943505e-03   2.8267445e-04   8.4591302e-04   4.8297871e-03  -1.6805880e-03   2.9467538e-01
  -3.9960000e-02  -1.1767000e-02   2.3508000e-02   2.9307000e-02   7.7510000e-03  -3.2500000e-03   1.0525000e-02   1.1121000e-02   9.2470000e-03   1.0161000e-02   9.8973000e-02   8.7190000e-03   1.7280000e-02   1.1910000e-02  -8.4100000e-04   5.2000000e-04  -4.1400000e-04  -1.2980000e-03   4.1400000e-04  -7.0400000e-04  -7.8200000e-04  -1.3200000e-04   7.6700000e-04   1.9300000e-04   8.0800000e-04   6.0000000e-05  -9.3000000e-05  -7.5000000e-05  -2.0700000e-04  -8.9000000e-05   1.3349000e-02   7.3400000e-04  -8.8830000e-03  -1.2529000e-02   8.2000000e-05   2.5720000e-03  -1.4470000e-03  -4.2390000e-03   1.9610000e-03  -3.6830000e-03  -7.4066000e-02  -3.1520000e-03  -1.7140000e-03  -2.4130000e-03   3.7220000e-03   1.0800900e-01  -7.3082000e-02   6.0722000e-02  -1.3919000e-02  -1.1102700e-01   1.9495000e-02  -2.1303000e-02  -9.5496707e-03   7.9365893e-03   3.9472695e-03   7.3633760e-03  -6.2669915e-03   5.3896577e-02   1.6474960e-02   1.7221228e-02   6.6884776e-02  -8.9994209e-03  -3.4781712e-02  -6.6619964e-02  -2.1418220e-01  -1.1652380e-01   2.7356782e-01   1.8171892e-01   3.7529527e-01   1.8950275e-01   3.7878594e-02   5.4678702e-02   4.3015861e-02   4.2716135e-02  -2.8981458e-02  -3.9865058e-02   8.1045673e-02  -1.6702133e-01   4.0031314e-02   2.1139360e-02  -2.1611661e-01   1.1197978e-01  -1.0203597e-01   5.0540663e-02   6.6758809e-01  -9.7578967e-02  -1.7339082e-01   5.5525333e-03   9.2927703e-03   1.3716751e-02   1.8086422e-01  -6.5174575e-02   8.5852583e-05   2.7360240e-03   1.1659726e-02  -4.1181092e-03   2.6438013e-03   4.9225549e-03   3.1768585e-04   3.1171806e-03   3.0517275e-03  -1.7714149e-05   9.1180057e-04   2.8073279e-01
  -4.7353000e-02  -2.5647000e-02   9.6710000e-03   9.7310000e-03   2.4545000e-02   9.9530000e-03   8.5890000e-03  -2.7940000e-03   1.2318000e-02   1.0678000e-02   8.7190000e-03   8.6000000e-02   1.9623000e-02   1.8632000e-02   1.2072000e-02   1.2140000e-03  -6.1400000e-04  -4.3600000e-04  -2.0680000e-03  -6.3000000e-04   9.9000000e-05  -8.2000000e-05   1.0800000e-04   4.0400000e-04   7.2000000e-05   1.5500000e-04   5.4000000e-05  -4.4100000e-04  -3.3300000e-04  -3.6900000e-04   1.6593000e-02   1.4410000e-02  -2.0920000e-03  -3.5650000e-03  -1.0448000e-02  -1.6380000e-03  -2.5780000e-03   1.4430000e-03  -4.6270000e-03   3.6100000e-04  -3.1550000e-03  -6.5689000e-02  -9.9220000e-03  -3.5760000e-03  -2.4670000e-03   1.1370300e-01  -9.3147000e-02   6.5870000e-02  -3.2428000e-02  -1.1097300e-01   4.8394000e-02  -1.4912000e-02  -1.0813167e-02  -1.4964470e-05   6.5214490e-03   9.7896096e-03  -1.1697333e-02   2.5148057e-02  -3.2216049e-02   6.7219208e-02  -7.7317876e-03   4.0727565e-03   8.0274026e-03  -9.0070507e-02  -6.1948454e-02  -1.8931377e-01  -6.8650339e-02   2.1538625e-01   7.5603190e-02  -3.7373593e-01   1.2392504e-01  -7.7617491e-02  -1.1856120e-01  -2.7091639e-01  -5.1075947e-02   3.7485390e-02  -1.6960550e-02  -1.7116115e-01   2.9819250e-02   3.3217160e-03  -6.7961538e-02  -1.4804122e-01   8.8095768e-02  -1.6463180e-01   2.2301159e-02   7.1255349e-01  -8.8827842e-02   7.1198587e-02  -3.1045562e-02  -1.7413043e-02   1.4586466e-01   1.0823730e-02  -1.0983402e-02   5.2252308e-04   3.0834508e-05   2.9963674e-04   2.9329149e-03   2.7492170e-04  -1.6039343e-02  -4.3220181e-03   1.3320038e-03   5.9706115e-04   4.7719405e-04   2.4099102e-01
  -4.6588000e-02  -2.8158000e-02   9.7400000e-04   1.5690000e-02   2.0206000e-02   1.1322000e-02   1.4996000e-02   8.4200000e-03   4.9990000e-03   1.1597000e-02   1.7280000e-02   1.9623000e-02   7.8737000e-02   2.0653000e-02   2.2824000e-02   1.0370000e-03   1.1100000e-04   2.1100000e-04  -5.3700000e-04  -1.2770000e-03  -5.5000000e-05  -1.7000000e-05   3.2200000e-04   1.5500000e-04   5.2600000e-04   1.0200000e-04   4.9100000e-04   4.3000000e-05  -4.5000000e-04  -2.5000000e-04   1.5704000e-02   1.1933000e-02   2.2250000e-03  -4.2870000e-03  -6.8010000e-03  -3.9850000e-03  -2.9440000e-03  -2.5140000e-03  -3.8400000e-04  -2.0620000e-03  -1.6950000e-03  -9.9250000e-03  -5.8874000e-02  -7.8940000e-03  -5.7530000e-03   1.2347100e-01  -9.6680000e-02   6.9438000e-02  -3.0731000e-02  -1.1777000e-01   4.2584000e-02  -2.7318000e-02  -1.1304853e-02   2.0618735e-03   7.4529691e-03   1.0414055e-02  -1.3936295e-02   1.4807766e-02  -4.1063647e-02   5.6981623e-02   1.9020353e-02  -4.1333335e-02   1.8768530e-02  -7.2358005e-02  -1.3885991e-01  -1.1565513e-01  -5.4252591e-02   2.7552262e-01  -8.1124749e-02  -1.1537606e-01   4.6343943e-02  -7.4511674e-02   1.1995172e-01   4.2456879e-01  -3.3096841e-02  -8.8999137e-02   4.7645159e-02  -1.6465520e-01  -3.0542331e-02  -6.0707832e-03  -9.1006160e-02   2.4341058e-04   2.2304932e-01  -1.2431909e-01   1.1891166e-01  -1.6196908e-02   6.8806933e-01   6.2259051e-02   1.0538763e-02  -2.1018273e-02  -2.1350074e-01   4.1722442e-02   4.7737557e-03  -1.4527272e-02  -2.3979856e-03   5.1364398e-03   8.7902390e-04   1.1109397e-02  -5.1591759e-03   5.2106781e-03   7.1069800e-03  -3.6883541e-04  -9.2159143e-04   2.3246895e-01
  -4.3707000e-02  -3.1267000e-02  -2.9030000e-03   1.4380000e-03   2.3593000e-02   6.0730000e-03   1.3524000e-02   1.5020000e-03   1.1828000e-02  -1.8200000e-04   1.1910000e-02   1.8632000e-02   2.0653000e-02   7.9565000e-02   3.6104000e-02   4.4700000e-04   1.9600000e-04   1.3000000e-04  -5.9500000e-04  -8.0600000e-04  -3.4900000e-04   1.6000000e-05   1.1000000e-05   2.2400000e-04   2.0800000e-04   2.7800000e-04   3.6900000e-04   4.9500000e-04   4.9000000e-05  -2.8700000e-04   1.2881000e-02   1.4461000e-02   2.6810000e-03   2.0380000e-03  -8.1630000e-03  -3.0740000e-03  -5.4880000e-03   1.1770000e-03  -3.5760000e-03   2.0450000e-03  -2.4190000e-03  -3.5670000e-03  -7.8910000e-03  -5.5909000e-02  -1.7078000e-02   1.0925100e-01  -9.7140000e-02   7.0233000e-02  -2.8494000e-02  -1.2005000e-01   6.0140000e-02  -5.2450000e-03  -1.1249110e-02  -2.2107681e-03   4.6695856e-03   6.7387069e-03  -5.5877693e-03  -2.3122645e-03  -5.2570712e-02   5.5553827e-02  -8.8722376e-03  -2.6971951e-02  -7.5832794e-03  -7.3991809e-02  -8.6517337e-02  -1.4047522e-01  -1.8858150e-01   2.8838334e-01  -6.5989626e-02   2.4460059e-01  -6.5311564e-02   1.5142597e-02  -6.9358971e-02  -6.8205182e-02  -4.2231702e-02   3.2426515e-01  -1.5175538e-01  -1.5793536e-01   2.3514163e-02   2.7397294e-02  -1.1445680e-01  -1.5394443e-01   3.6897735e-01   6.4723983e-02  -1.4030893e-02  -1.2721284e-01  -3.6599118e-01  -5.4191193e-02   4.6516140e-04  -4.2372564e-02  -5.2206984e-01   4.4446231e-02   9.1081585e-03   6.1725942e-03  -8.1761830e-03   9.7260857e-03  -8.6051070e-03   1.1542091e-02   2.4081018e-03  -4.6300118e-03   3.9542512e-03  -4.1821778e-03   1.7377911e-03   2.3043633e-01
  -5.2612000e-02  -2.6306000e-02  -1.3860000e-03   1.0410000e-02   1.6109000e-02   1.1106000e-02   8.6970000e-03   3.2790000e-03   3.8280000e-03   4.9820000e-03  -8.4100000e-04   1.2072000e-02   2.2824000e-02   3.6104000e-02   7.5727000e-02   4.4000000e-05   3.6300000e-04   1.8000000e-04  -6.8200000e-04  -6.1900000e-04  -9.0000000e-06  -2.4800000e-04   5.3000000e-05   8.7000000e-05   1.5000000e-04   1.0700000e-04   4.0400000e-04   2.8400000e-04   3.3100000e-04   3.9000000e-05   1.6366000e-02   9.6410000e-03   2.7320000e-03  -2.7820000e-03  -4.7270000e-03  -4.5330000e-03  -2.4000000e-03  -8.3200000e-04   8.7400000e-04  -7.1100000e-04   3.7100000e-03  -2.4550000e-03  -5.7460000e-03  -1.7081000e-02  -5.3431000e-02   1.2534900e-01  -1.0732900e-01   6.3758000e-02  -1.3539000e-02  -1.4198300e-01   6.6088000e-02  -1.1099000e-02  -1.2499337e-02   4.4879790e-04  -2.6437139e-03   9.9139779e-03  -8.9073058e-03   2.6675903e-03  -4.3161480e-02   4.6009173e-02  -2.6775225e-04  -3.7384397e-02   1.9110089e-02  -2.3284739e-02  -8.3345201e-02  -6.7044122e-02  -1.7763741e-01   2.5958052e-01  -1.9557349e-01   1.8256171e-01  -8.5679661e-02  -4.8904041e-03  -8.1947294e-02  -1.3284069e-01  -1.4941507e-02  -3.5808785e-01   1.4637996e-01  -7.4928611e-02  -4.0432233e-02  -6.6507320e-03  -8.4382683e-02  -9.7823097e-02   3.9102509e-01  -4.0989570e-02  -1.8322828e-01  -2.5791980e-01  -5.7559627e-02  -3.6180085e-02   4.6628633e-02   3.2598685e-02   5.8215622e-01  -6.2546357e-02  -3.3869126e-03  -2.5829921e-03   1.0328186e-02  -8.4519128e-03  -1.1176792e-02  -5.7565825e-03   9.6792468e-03  -2.4687518e-03   1.3912831e-03   3.2866385e-03   1.9549766e-03   2.0141161e-01
  -3.2680000e-03  -1.1556000e-02  -4.5250000e-03  -9.4030000e-03  -7.8500000e-04  -3.1620000e-03  -1.1000000e-05   2.5940000e-03   3.1400000e-04   1.2070000e-03   5.2000000e-04   1.2140000e-03   1.0370000e-03   4.4700000e-04   4.4000000e-05   2.6014000e-02   3.2530000e-03  -4.5640000e-03  -4.9520000e-03  -6.2670000e-03  -2.2260000e-03  -9.6700000e-04   9.4900000e-04   1.9000000e-05  -7.0000000e-04  -1.3050000e-03  -1.6020000e-03  -1.4950000e-03  -1.2620000e-03  -1.6230000e-03  -2.2400000e-04   5.4560000e-03   6.5300000e-03   4.8370000e-03  -7.5200000e-04   7.5200000e-04   3.5700000e-04  -1.3480000e-03  -1.4700000e-04  -1.0850000e-03  -1.3500000e-04  -1.1010000e-03  -8.8300000e-04  -7.9200000e-04  -9.1900000e-04  -2.6689000e-02  -8.1958000e-02   3.5170000e-03  -7.4639000e-02   1.2860300e-01   3.5492000e-02   1.0130000e-03   2.1016496e-03  -2.7736560e-02   2.4344998e-02   4.0088556e-02  -2.1662430e-02   1.1803965e-02  -7.3376036e-03   1.4104662e-02   9.7082831e-03   1.0126048e-02  -9.5726052e-03   2.5606936e-02  -1.1825107e-02   9.3754056e-03   1.4861857e-03   2.2957380e-03  -4.3477164e-03   3.3749467e-03   2.5952960e-02   1.8411072e-02  -2.3045405e-03  -1.8062789e-03   2.1099690e-02   9.5507813e-03   1.6430192e-02   2.5489907e-02   1.7166979e-02  -3.2565699e-02   1.1438907e-03   4.2166749e-02  -3.1816294e-03   2.7844241e-02   8.9738472e-03   7.8815090e-02   4.0298379e-02  -4.5701047e-01   5.0876275e-01  -5.3661600e-01   1.7354992e-02  -9.5125202e-04   1.5106215e-01   1.3800634e-01   3.8658924e-01   2.8655412e-02   1.6192184e-01  -4.8257043e-02  -4.2251700e-02  -9.0819170e-03   3.0892280e-02   6.5344294e-03   3.3689741e-02   1.9496973e-01
   1.1068000e-02  -1.4800000e-04   6.1800000e-04  -3.7850000e-03  -1.0411000e-02  -2.0600000e-03  -3.0920000e-03   1.3200000e-04  -2.9500000e-04  -5.8800000e-04  -4.1400000e-04  -6.1400000e-04   1.1100000e-04   1.9600000e-04   3.6300000e-04   3.2530000e-03   2.2992000e-02   9.3800000e-04  -1.5000000e-05  -1.3390000e-03  -1.7500000e-04  -2.3320000e-03  -7.5100000e-04   9.6000000e-05  -7.9400000e-04  -1.2700000e-04  -1.2130000e-03  -1.0630000e-03  -1.2570000e-03  -8.8200000e-04  -5.4500000e-03  -2.5100000e-04   8.7700000e-04   2.3640000e-03   5.3850000e-03   1.3780000e-03   1.8480000e-03   4.8000000e-04   1.4300000e-04   4.4500000e-04   2.2700000e-04   3.7300000e-04  -9.1300000e-04  -5.3600000e-04  -1.1870000e-03  -4.0193000e-02   7.6400000e-03  -6.7333000e-02   3.8862000e-02   8.3246000e-02  -2.2174000e-02  -3.2900000e-04   5.5152708e-03  -1.0175423e-03  -9.2119928e-03   2.2546597e-02  -1.0063431e-02   7.7977461e-03  -2.4770565e-02  -2.1060743e-02  -5.7480456e-03   1.5835245e-02  -3.5687973e-03   9.1786354e-03  -3.0941798e-03   1.8131999e-03  -6.8647318e-03   1.7010463e-02  -2.0698121e-03   1.8439424e-02   1.4237408e-02  -5.0779328e-02   1.5635384e-02  -3.9860664e-03   4.9057518e-02  -7.2373987e-03  -1.2977567e-02   2.1240621e-02   4.3435904e-02   2.0328318e-02  -5.2261351e-02   2.9996228e-02   9.7870948e-03  -1.6185824e-02   2.5082824e-02   8.2328308e-02   7.0055457e-02  -8.1181402e-01  -3.3097943e-01   4.0448520e-01  -2.8748983e-03   7.5515465e-02  -1.4176205e-01  -3.8191067e-02   3.3552326e-02   2.4375296e-02   9.0459224e-02   2.1098372e-04  -3.3704195e-02  -3.1498644e-02  -2.1954931e-02  -1.2786340e-02  -1.4761912e-02   1.8090330e-01
   5.8240000e-03  -3.9100000e-04  -1.0900000e-04  -3.0600000e-04  -3.0640000e-03  -6.5500000e-04   1.6590000e-03  -2.8800000e-04  -6.6400000e-04   3.6900000e-04  -1.2980000e-03  -4.3600000e-04   2.1100000e-04   1.3000000e-04   1.8000000e-04  -4.5640000e-03   9.3800000e-04   1.6312000e-02   3.1730000e-03  -1.9010000e-03   1.1160000e-03  -6.7400000e-04  -1.6280000e-03  -6.9200000e-04   6.1800000e-04   8.6100000e-04   2.1700000e-04  -1.3000000e-04  -2.1900000e-04  -1.8600000e-04  -6.4560000e-03  -8.9300000e-04  -1.4300000e-04   3.4100000e-04   3.4050000e-03   2.0980000e-03  -2.0100000e-04   1.3000000e-05   6.8900000e-04   3.4200000e-04   8.4700000e-04   3.8200000e-04  -1.7100000e-04   1.9900000e-04   1.9000000e-05   3.2460000e-03   2.5652000e-02  -8.6140000e-03   1.8824000e-02  -1.5676000e-02  -2.5139000e-02  -8.1300000e-04   5.9797948e-04   8.5185174e-03  -3.4560695e-03  -7.1757392e-03   1.8399816e-03  -6.0029015e-03  -5.7172968e-03  -1.7513743e-02  -3.8015003e-03  -2.7402166e-03  -5.7361366e-03  -3.3110054e-03   2.2663307e-03  -2.6253750e-03  -4.7904636e-03   7.1746009e-03  -6.9455532e-03   6.3531091e-04   6.7563313e-03  -1.7841484e-02  -3.0030633e-03   3.9531317e-03  -3.1381921e-02  -1.1896509e-02  -2.4148193e-02   5.3796102e-03  -1.7895210e-02   4.9077227e-02  -6.8365338e-03  -3.5291173e-03  -5.5953763e-03  -1.4889961e-02  -2.1159395e-02  -3.5872524e-02   1.0788420e-02  -1.7391178e-03  -6.7205723e-01  -4.3707958e-01   8.9110373e-03  -3.8947890e-01   2.9626785e-01  -1.9445974e-01   1.9690767e-01   8.1623069e-02   1.2306496e-01   4.6120694e-02   6.3789312e-02  -6.5016836e-02   1.9431403e-02   2.2727383e-02   1.7391941e-02   1.6428841e-01
   9.0930000e-03   3.8070000e-03   1.9100000e-04   2.4000000e-05   2.5700000e-04   3.8200000e-04  -9.0900000e-04  -9.8400000e-04  -8.9200000e-04  -7.0600000e-04   4.1400000e-04  -2.0680000e-03  -5.3700000e-04  -5.9500000e-04  -6.8200000e-04  -4.9520000e-03  -1.5000000e-05   3.1730000e-03   1.4106000e-02  -2.5500000e-04  -1.4170000e-03   3.7100000e-04   1.8000000e-04  -7.2500000e-04  -3.8000000e-05   1.1430000e-03   3.3500000e-04   4.1100000e-04  -1.2700000e-04   2.9700000e-04  -4.8360000e-03  -2.3130000e-03  -3.5900000e-04  -1.2000000e-04  -2.6400000e-04  -4.6900000e-04   1.6710000e-03   7.8100000e-04  -1.0000000e-06   7.1900000e-04  -1.1200000e-04   1.5100000e-03   7.4000000e-05   3.6000000e-04   4.7300000e-04  -1.1893000e-02   4.3348000e-02  -1.9809000e-02   3.0671000e-02  -1.0922000e-02  -3.0202000e-02   3.3200000e-04   1.8225687e-03   9.9863344e-03  -7.6139016e-03  -1.0893830e-02   5.9231573e-03  -6.8983872e-03  -3.4390856e-03  -7.7484674e-03  -6.4130427e-03   4.5864246e-03   5.2075609e-03  -1.2341631e-02   9.3743790e-03  -1.4035102e-04   5.7265751e-03   5.2485048e-03   1.2896608e-03   1.2995606e-02   8.8187978e-03  -8.5211281e-03   1.1121330e-02   7.6645224e-03  -2.6294953e-02  -1.2368504e-02  -2.0003025e-02   6.4134275e-03   3.3529325e-03   4.1018796e-02   3.4315661e-04  -1.0398960e-03  -3.3998291e-03  -1.1246637e-02   3.0393307e-02  -6.0058721e-02  -2.2579073e-02   7.8086444e-02  -3.6148218e-01  -2.2332213e-01   1.0719255e-01   7.4954221e-01   1.7081867e-02   4.5096384e-01   1.3079121e-01  -1.2667869e-02  -3.1091726e-02  -1.6989700e-03   4.8002771e-02  -6.6878732e-02   2.0913925e-02  -1.7807861e-02  -3.3789886e-02   1.6071262e-01
  -3.0000000e-05   1.0126000e-02   2.8140000e-03  -1.4000000e-04   1.1000000e-05   2.7490000e-03  -2.6960000e-03  -1.4000000e-03   3.3900000e-04  -1.4000000e-03  -7.0400000e-04  -6.3000000e-04  -1.2770000e-03  -8.0600000e-04  -6.1900000e-04  -6.2670000e-03  -1.3390000e-03  -1.9010000e-03  -2.5500000e-04   1.1201000e-02   4.8300000e-04  -3.9100000e-04   3.2800000e-04   5.8000000e-04  -2.7100000e-04   3.4000000e-05   9.3000000e-04   6.2900000e-04   7.4800000e-04   4.8100000e-04   8.2400000e-04  -5.3580000e-03  -3.3950000e-03   2.7800000e-04  -6.8000000e-05  -2.0640000e-03   9.1600000e-04   1.5260000e-03  -3.8400000e-04   2.9100000e-04   1.4400000e-04   7.1600000e-04   9.8600000e-04   5.7200000e-04   6.2700000e-04   9.9760000e-03   1.5089000e-02   1.2486000e-02   2.3634000e-02  -4.2233000e-02  -1.4386000e-02   6.3900000e-04  -1.1269182e-03   8.7520799e-03  -5.3744531e-03  -9.2924088e-03   1.5961453e-02  -9.7032939e-03   1.6466584e-02  -3.4522862e-03  -1.0185894e-02  -4.2981189e-03   5.9750668e-03  -5.9156431e-04   1.1609743e-03   4.2640465e-05  -1.5010596e-03  -6.0657288e-03   5.5458784e-03  -6.8355437e-03  -2.0741904e-02   3.4793193e-03  -4.8258746e-03  -8.6010709e-04   2.6860519e-04   3.3777727e-03   2.3882906e-03   3.1272911e-03  -1.7811776e-02  -1.1098821e-02  -1.8918067e-02  -6.1725988e-03   1.5845073e-02  -2.1637943e-03  -6.8947894e-03   1.1346381e-02  -1.3966177e-02   1.6721651e-01   5.5927080e-02   5.1525324e-01  -3.9203763e-02   3.5995558e-02   4.9444072e-01   1.9634316e-03   6.4811630e-01   5.5158358e-02  -3.9477166e-02  -1.0578153e-01   7.5523109e-02  -2.8283995e-02   9.3505837e-02   2.1170501e-02   3.8962706e-02   1.4349698e-01
   2.5300000e-03   2.0130000e-03   5.9300000e-04  -2.9900000e-04  -2.6970000e-03   1.6000000e-05   1.1590000e-03  -8.8200000e-04   4.3200000e-04   1.6400000e-04  -7.8200000e-04   9.9000000e-05  -5.5000000e-05  -3.4900000e-04  -9.0000000e-06  -2.2260000e-03  -1.7500000e-04   1.1160000e-03  -1.4170000e-03   4.8300000e-04   8.7680000e-03  -2.9000000e-04  -1.2180000e-03   2.5000000e-04   2.0800000e-04  -2.2500000e-04   1.7000000e-04   3.2500000e-04   2.3900000e-04   3.7500000e-04  -7.3700000e-04  -1.3600000e-03  -2.0900000e-03   4.9500000e-04   2.0900000e-03  -5.4000000e-05  -1.4380000e-03   5.2500000e-04   4.4900000e-04  -1.9200000e-04   3.3000000e-05   6.9000000e-05   4.4100000e-04   6.9000000e-04   3.1800000e-04  -3.5670000e-03   8.7030000e-03  -6.4600000e-03   1.0300000e-02  -7.2440000e-03   2.8200000e-04   4.0200000e-04   2.2136123e-04   1.5359816e-03  -4.1982029e-03  -3.2511455e-03   1.8839511e-03   2.1819032e-05   8.3637341e-04  -7.6778799e-03  -3.9961621e-03  -7.7013244e-03  -3.4792626e-03  -3.0124442e-03   1.4578351e-03  -3.4998775e-03  -1.9051465e-03  -2.6845676e-03   1.5114153e-03  -3.0975986e-03  -6.4031939e-03  -1.4502711e-02  -1.6587517e-04  -1.6819476e-03   3.3837981e-03  -1.9605330e-03   4.4000642e-03  -6.1826024e-03  -2.7507377e-03   5.3248335e-03  -1.0420206e-02  -2.0367759e-02   2.5931649e-03  -6.0023573e-03  -2.2441997e-02   3.1471620e-03   2.4838255e-02   5.9263662e-02  -5.2972106e-02   9.2964882e-02  -5.3998179e-02  -4.4024324e-01  -2.7651223e-01   7.2104203e-01   8.4111102e-02   3.8425399e-01   3.7855928e-02  -1.1182168e-01   1.3505031e-01  -7.4866233e-03  -1.0149237e-02  -4.5845365e-02  -2.2346334e-02   1.3451120e-01
  -8.2500000e-04   2.8540000e-03  -1.7820000e-03   9.7700000e-04   2.7010000e-03  -1.1590000e-03  -1.1000000e-05   7.4600000e-04  -5.3900000e-04  -1.3100000e-04  -1.3200000e-04  -8.2000000e-05  -1.7000000e-05   1.6000000e-05  -2.4800000e-04  -9.6700000e-04  -2.3320000e-03  -6.7400000e-04   3.7100000e-04  -3.9100000e-04  -2.9000000e-04   7.7950000e-03  -1.6300000e-04  -8.3600000e-04   5.4000000e-04   1.4100000e-04   2.1800000e-04   3.1300000e-04   4.8800000e-04   2.3200000e-04  -3.1100000e-04  -1.8330000e-03   2.0200000e-04  -1.6620000e-03  -8.9700000e-04   1.4670000e-03  -4.1000000e-05  -1.3370000e-03   4.3000000e-04   4.9000000e-04   2.5500000e-04   1.1300000e-04   1.4100000e-04   3.6000000e-04   5.8400000e-04   6.3310000e-03  -5.7580000e-03   9.5080000e-03  -1.0668000e-02  -4.4410000e-03   5.3400000e-03   5.0700000e-04  -6.9349356e-04  -1.2971465e-03   2.7126446e-03  -8.2629958e-04  -1.6115285e-03  -4.6051070e-03   8.8602626e-03   3.2231960e-03   9.3282165e-03   4.0202886e-04  -6.8251346e-04  -5.2897279e-03   1.2294930e-03   3.3388983e-03   4.5179182e-04  -2.9854769e-03  -1.9529825e-03  -4.9826741e-03  -2.7828829e-03   1.0618826e-02  -1.1443988e-02   5.2829155e-03  -3.4353835e-03   5.0696039e-03   3.0781952e-03  -2.7897788e-03  -5.5386792e-03  -6.1559698e-03   1.3629036e-02  -9.6497091e-03   5.2252608e-03  -9.6531728e-03   2.1263943e-03  -2.7254650e-02  -2.4866142e-02   1.5742753e-01  -2.1325897e-03  -2.5924385e-02  -3.3572559e-03   1.0778845e-01  -6.4828533e-01  -3.4101670e-01   4.4536715e-01   4.3009876e-02   3.0570313e-01   3.5693211e-02   3.5486608e-01  -1.2567757e-02  -7.0020136e-03   1.8762058e-02   4.9682157e-02   1.2930182e-01
  -2.8540000e-03  -2.0500000e-04   2.7100000e-04   9.7400000e-04   1.3380000e-03   8.7800000e-04  -7.3300000e-04   2.6000000e-05   7.8700000e-04  -3.6100000e-04   7.6700000e-04   1.0800000e-04   3.2200000e-04   1.1000000e-05   5.3000000e-05   9.4900000e-04  -7.5100000e-04  -1.6280000e-03   1.8000000e-04   3.2800000e-04  -1.2180000e-03  -1.6300000e-04   6.6280000e-03  -1.4600000e-04  -5.2500000e-04   3.4800000e-04  -1.6200000e-04   2.1600000e-04  -6.2000000e-05   7.9000000e-05   1.3650000e-03  -4.4800000e-04  -1.5000000e-05  -7.7600000e-04  -1.5360000e-03  -5.1400000e-04   1.3630000e-03  -2.1000000e-05  -9.6300000e-04   2.7100000e-04  -4.5000000e-05   2.4900000e-04  -2.6600000e-04   1.0700000e-04   2.3400000e-04   3.2410000e-03  -2.1350000e-03   2.3550000e-03  -8.9520000e-03  -5.6900000e-04   4.4030000e-03   1.4300000e-04  -3.1671651e-04  -1.2309804e-03   1.5306450e-03  -5.1979086e-04  -3.8457416e-03   1.9924691e-03   3.8079059e-03   7.3511928e-03   3.6314750e-05   4.3354748e-03   5.6005810e-03   2.0924264e-03  -1.8447481e-03  -1.0572522e-03   4.4992611e-05  -2.1784365e-03   1.7633973e-03   1.9734051e-03   4.7666205e-03   7.4992839e-03   2.8846480e-03   4.0082250e-03  -9.9481724e-03  -1.7653568e-03  -1.1182352e-03  -3.7073369e-03  -7.7157668e-03  -6.2767160e-03   5.6952739e-03   2.4006977e-04   1.5302584e-04   1.3370819e-02   1.4902722e-02   2.2360532e-03  -1.1323851e-02   6.7932930e-03   1.0958318e-01   2.4724784e-02   3.5478377e-02   2.0475041e-01   2.2724137e-01  -2.0399891e-01  -2.9325198e-01   6.9706413e-01   3.0903679e-01  -1.5379027e-01   1.8719003e-01  -3.1969227e-01  -1.0269096e-01  -9.0715152e-02  -5.2743482e-02   1.1058173e-01
  -7.4500000e-04   2.0300000e-04   6.6800000e-04   8.8700000e-04  -4.0500000e-04  -4.7900000e-04   4.8100000e-04  -7.4300000e-04   5.4000000e-05   6.9900000e-04   1.9300000e-04   4.0400000e-04   1.5500000e-04   2.2400000e-04   8.7000000e-05   1.9000000e-05   9.6000000e-05  -6.9200000e-04  -7.2500000e-04   5.8000000e-04   2.5000000e-04  -8.3600000e-04  -1.4600000e-04   5.9890000e-03   9.0000000e-06  -1.2100000e-04   3.8200000e-04   3.4000000e-05   3.2900000e-04  -2.7000000e-05   1.7700000e-04  -1.2100000e-04  -6.7700000e-04   2.0000000e-06   3.7600000e-04  -4.5600000e-04  -4.3300000e-04   9.9500000e-04  -1.3000000e-05  -9.8800000e-04  -2.0400000e-04   1.8800000e-04   3.1600000e-04   7.6000000e-05   2.0100000e-04  -7.3500000e-04  -4.1760000e-03   3.0520000e-03  -2.7030000e-03  -1.4890000e-03   6.3210000e-03   2.0600000e-04  -2.7368940e-04  -1.4804964e-03   4.7439056e-05  -9.0660601e-06   1.0007268e-03   2.3494097e-03   2.1671039e-03  -6.8687469e-04   7.9193342e-04  -4.0101761e-03   7.8858660e-05   1.9571457e-03   2.3547155e-03  -4.8309872e-03   3.4118513e-03   6.1945995e-04  -9.9660962e-04   2.3917071e-05  -1.1949625e-03   2.5773793e-03  -1.4758114e-03  -6.7922227e-04   1.0975368e-03   5.8062762e-03   9.9828433e-03  -1.5058471e-03   3.0807525e-03  -2.4744028e-03  -5.2603523e-03  -5.4254797e-03   1.0584871e-02  -3.2101728e-03  -3.0766528e-03   1.6259188e-02   7.4197833e-03  -4.2755130e-03   3.5280504e-02   9.2350471e-02  -1.5878589e-02  -6.0427147e-02   2.1256579e-01   2.0901889e-01  -2.4721180e-01  -5.0089854e-01   5.5671021e-01  -3.4760555e-02   4.9728732e-01  -8.5642747e-02   9.1311234e-02   7.3581422e-02   7.1797671e-02   9.5554386e-02
