3.807441006250694 -1.745249644543598 1.804271993180546 -0.302011082147358 -3.684901475865603 0.342829605982454 -3.892505514372490 0.355717978456766 0.532190267172043 -0.109272708386948 -0.140778960521493 -0.629606182950888 -0.402585460736304 14.350885268265827
-1.745249644543598 3.003016141642866 -1.523712391777169 0.299861603663151 1.954644434284865 -2.216928512266275 -7.548457668076277 -0.306061033097936 0.034446980201004 0.409559556131748 0.735924643668374 -0.104484724402615 -0.429998698560017 5.279258795163871
1.804271993180546 -1.523712391777169 2.718457734752049 -1.059869578854735 -2.641882778511475 0.846659775965325 -2.992959065562485 0.293022472605341 0.234038035427621 -0.465880650535996 0.225832553921517 0.653199786308623 -0.405769570979938 2.939412642271847
-0.302011082147358 0.299861603663151 -1.059869578854735 2.182926587758303 0.226985335569649 -1.290562791840713 -4.642805566375526 -0.104838332979702 0.176663536458758 0.598404835230145 -0.561982753978974 0.361925313401900 -0.391019211479754 2.115901745269551
-3.684901475865603 1.954644434284865 -2.641882778511475 0.226985335569649 7.657886586453796 -3.839703320953041 -2.800200015423786 -0.676633821026709 -0.200200117657120 -0.490710234892380 -0.261818973707275 -0.142219360157877 -0.415348683768096 1.053395516935505
0.342829605982454 -2.216928512266275 0.846659775965325 -1.290562791840713 -3.839703320953041 6.379732760881581 -1.538184313357349 0.474452095106282 -0.767804031528567 0.066262985022950 -0.056763279877283 -0.121625478573005 -0.403691179558146 0.010606849832689
