   8.1092900e-01   1.8339800e-01  -1.2157300e-01  -1.2044700e-01  -1.4905800e-01  -4.1875000e-02  -1.0814000e-02   3.7929000e-02  -6.1930000e-03  -1.6458000e-02  -2.7403000e-02  -3.9310000e-02  -2.5049000e-02  -3.4183000e-02  -4.5120000e-02  -2.8380000e-03   1.4159000e-02   1.0562000e-02   1.0872000e-02   6.8500000e-04   8.5400000e-04  -8.5000000e-05  -2.2260000e-03  -1.4050000e-03  -1.3230000e-03  -1.2000000e-04  -1.3940000e-03  -8.9200000e-04  -5.3600000e-04  -4.1000000e-04  -3.3266300e-01  -4.1520000e-02   5.9228000e-02   5.8190000e-02   8.0006000e-02   3.0122000e-02   4.6300000e-04  -1.9254000e-02   7.8150000e-03  -9.0500000e-04   9.0040000e-03   1.5209000e-02   8.7680000e-03   1.2391000e-02   1.7263000e-02  -1.5026730e+00   1.2378240e+00  -7.7261300e-01   5.7835000e-02   1.9346040e+00  -8.8273900e-01  -1.0433500e-01   1.5122595e-01  -1.4690887e-02   1.0911803e-01  -1.5433994e-01   3.0695279e-02  -3.2012334e-01   1.7354236e-01  -3.2536983e-01   8.8724590e-03  -1.4085745e-01   2.2638885e-01  -2.2943219e-01   1.9498944e-01  -1.7826532e-01   2.1247514e-02  -5.3897944e-02   1.3602993e-03  -7.1685444e-02   1.5170182e-02   2.6724737e-01   1.1623997e-01  -1.8760707e-02   5.4308612e-01  -2.0213557e-02   2.7770327e-02  -2.1376714e-01   2.2421359e-01  -1.7630595e-02   8.3700087e-02  -8.8567515e-02   4.7281640e-03  -3.7798644e-02   3.6231919e-02  -3.8883708e-03   4.2017591e-02  -7.3241753e-04  -1.3688061e-02  -3.6307120e-02   1.8839728e-02  -2.1072711e-03   1.4482990e-02   1.1577708e-02  -1.0545914e-02   1.7490230e-03  -5.8136253e-03   1.4235586e-03   1.3887588e-03   9.9010687e-04  -5.0923538e-04  -1.6000446e-03   9.4168905e-04   2.0303732e+01
   1.8339800e-01   5.6268300e-01  -3.0891000e-02  -2.3148000e-02  -1.0500000e-02  -3.8500000e-04  -5.0444000e-02  -8.5030000e-03   9.6190000e-03  -1.9969000e-02  -6.8110000e-03  -1.8944000e-02  -1.9407000e-02  -2.4753000e-02  -2.2109000e-02  -1.4586000e-02  -1.2800000e-04   3.5360000e-03   5.5860000e-03   8.6280000e-03   1.3120000e-03   1.4210000e-03  -7.9000000e-04   4.7000000e-04   5.4000000e-05   1.3800000e-04   9.7200000e-04  -8.4000000e-05   1.4600000e-04   1.3500000e-04  -4.0852000e-02  -2.8693400e-01  -1.2827000e-02  -1.9452000e-02   1.0252000e-02   1.2650000e-02   2.7414000e-02   8.8150000e-03   2.5190000e-03   9.4150000e-03  -1.0590000e-03   1.2372000e-02   1.0466000e-02   1.3246000e-02   9.7870000e-03  -6.7888800e-01   5.8317200e-01  -8.2996200e-01   5.5344100e-01   8.0521100e-01  -4.0231000e-01   3.3763000e-02   7.7919183e-02   7.5287889e-02  -1.2441979e-01   9.2675857e-02   1.4373126e-02   1.0796039e-01   6.3928986e-01   1.2214394e-01   4.0738693e-02  -1.3897961e-01  -7.7070795e-02  -4.7261140e-02  -9.5906669e-02  -1.5754232e-02   1.0610827e-01  -2.4013286e-02   1.5441261e-02  -1.5553696e-02  -1.3703411e-01   2.5704101e-01   5.3547435e-01  -2.7840665e-02  -1.9960748e-01   1.5653137e-01   4.2049465e-02  -3.4342222e-03  -1.3025025e-01   5.5892984e-02  -3.3973201e-02   7.0847251e-02  -5.1683389e-02   1.2343718e-02  -3.5818222e-02   1.4759538e-02  -3.6108389e-02   9.9593468e-03  -7.9427799e-02  -1.9540372e-02  -1.0486373e-02   8.0220997e-03  -1.3073900e-02  -8.0193241e-03   9.9205642e-03   8.7613913e-03   2.2999050e-03  -1.5859198e-03  -4.5518664e-03  -4.3378847e-03  -1.0824383e-03   2.4803046e-03  -2.5160767e-03   4.9747816e+00
  -1.2157300e-01  -3.0891000e-02   4.1724500e-01   9.0094000e-02  -6.8856000e-02   2.7703000e-02  -3.4019000e-02  -4.9023000e-02  -7.1440000e-03   2.0785000e-02   2.2298000e-02   8.6540000e-03   1.1570000e-03  -1.6030000e-03  -1.5840000e-03  -9.4500000e-03  -3.4150000e-03  -3.3000000e-05  -6.3900000e-04   3.7160000e-03   2.0290000e-03  -9.8000000e-04  -8.8000000e-05   1.1970000e-03  -5.4900000e-04   6.9500000e-04   4.9100000e-04  -7.4000000e-05   2.6100000e-04   2.5700000e-04   5.9144000e-02  -1.2805000e-02  -2.0332100e-01  -4.2876000e-02   1.4093000e-02  -2.0660000e-02   1.4104000e-02   2.2645000e-02   4.5340000e-03  -4.7860000e-03  -9.0560000e-03  -1.6480000e-03   2.1170000e-03   1.9250000e-03   2.3800000e-03   2.8036800e-01  -1.4626500e-01   1.6428400e-01   1.0072800e-01  -3.3468300e-01  -9.6059000e-02   4.8342000e-02  -2.2657396e-02   5.7686798e-02   8.9328992e-03   2.9164863e-02  -7.4128499e-02   4.9899325e-01  -8.6174394e-02  -4.4003162e-01   2.3606113e-01   1.5540514e-01  -1.5815410e-01  -2.4391821e-01  -1.6105376e-02  -9.6181766e-02   7.1548419e-02  -5.5977170e-02   5.1571017e-02   9.5562813e-02  -3.1494005e-02  -3.1593650e-01   3.0851220e-01  -1.0725717e-02   6.7000007e-03  -1.9254445e-01  -3.5382853e-02  -7.8653556e-02   2.5557744e-01   1.2882408e-01   7.1506672e-02   1.2182061e-02   5.0586477e-02   9.2629307e-02  -7.4264715e-02  -1.5350423e-02   1.0470738e-02  -2.5560234e-02  -6.6175750e-03  -1.1070573e-03   7.2514148e-03  -5.7931273e-03   1.1775368e-03   5.1703414e-03  -8.6716883e-03  -4.1017084e-03  -1.6966739e-03   8.0841268e-04   1.2439676e-03  -2.8698970e-04   3.4156764e-04  -5.6170315e-04   8.2675305e-05   3.5462319e+00
  -1.2044700e-01  -2.3148000e-02   9.0094000e-02   3.1876900e-01  -2.8322000e-02  -4.1414000e-02   2.5571000e-02  -1.4230000e-02  -1.1330000e-02   7.1990000e-03   2.6360000e-02   9.2350000e-03   1.1267000e-02   3.5060000e-03   9.6740000e-03  -1.0939000e-02  -5.6690000e-03   5.3600000e-04   1.9000000e-05   1.8320000e-03   8.4400000e-04   9.3700000e-04   8.4000000e-05   7.2600000e-04   1.4700000e-04  -1.0800000e-04   1.5080000e-03   3.4200000e-04   8.0800000e-04   7.5200000e-04   5.7851000e-02  -1.9409000e-02  -4.2867000e-02  -1.7589000e-01   1.5000000e-05   1.2265000e-02  -4.9450000e-03   6.3400000e-03   6.3510000e-03   2.3910000e-03  -1.2852000e-02  -2.4420000e-03  -2.2310000e-03   1.6660000e-03  -2.4690000e-03   3.8227200e-01  -6.6371000e-02   3.2928000e-02   1.6076800e-01  -4.6284800e-01  -6.2583000e-02   1.6437000e-02  -2.5460618e-02   8.2486625e-02  -3.1691554e-02   2.0415022e-02   6.7677927e-02   2.3936961e-01  -8.4963906e-02  -1.5408229e-01  -5.5791756e-01  -7.7377039e-02   3.1272059e-01   3.6441567e-02   6.1697053e-03  -5.4179737e-02   3.1335995e-02   3.2499788e-02  -2.8840437e-02   1.1531197e-01   2.1581010e-03  -2.4621758e-01   1.5392573e-01   2.2517020e-02   2.6214901e-03   4.3889817e-01   1.3873708e-01  -1.2249489e-01  -4.5171858e-02  -3.5348137e-01   9.8908860e-02  -4.5643732e-02   3.4063158e-02  -6.2225779e-02  -3.8111424e-02  -2.0227004e-02  -5.2489100e-02   4.3223107e-02  -2.0429814e-03   5.3562233e-03  -2.0312474e-02   1.0110560e-02   8.7241375e-04  -7.7706748e-03   2.0281851e-03   1.0038774e-03   7.4439834e-03  -1.5814168e-03   2.4434529e-04   6.6060868e-04  -8.9001008e-04   9.3130420e-04   1.5783606e-04   1.9973893e+00
  -1.4905800e-01  -1.0500000e-02  -6.8856000e-02  -2.8322000e-02   2.6080000e-01   1.0796000e-02   4.0380000e-03   2.0498000e-02   7.4540000e-03  -5.4630000e-03   1.8650000e-03   1.9569000e-02   1.5040000e-02   1.9125000e-02   1.4523000e-02  -9.2100000e-04  -8.8680000e-03  -3.9510000e-03  -1.8260000e-03  -3.0000000e-06  -1.7750000e-03   2.0310000e-03   1.1020000e-03   2.5400000e-04   7.6300000e-04  -4.5000000e-05   6.9100000e-04   7.0500000e-04   6.8500000e-04   7.3000000e-04   8.0029000e-02   1.0255000e-02   1.4031000e-02  -3.7000000e-05  -1.4732600e-01  -8.3040000e-03   2.9490000e-03  -5.6090000e-03  -5.3230000e-03   5.4760000e-03   1.5620000e-03  -9.1850000e-03  -5.3490000e-03  -7.9620000e-03  -5.1960000e-03   3.1970700e-01  -2.9260000e-01   3.1822700e-01  -3.7483000e-02  -4.1619800e-01   1.0291500e-01  -3.2970000e-03  -3.4604465e-02   4.7730689e-03   1.6674307e-02   1.1776428e-02  -1.0100634e-01  -2.7548341e-02   8.2175460e-02   4.4590925e-01  -2.1876580e-02   6.6656281e-02   1.9527905e-02  -3.6636789e-01   2.6264678e-01  -2.4687847e-01   4.5386062e-02   8.3967671e-02  -7.7711534e-02  -4.7999918e-02   5.1406105e-02  -4.5615132e-02  -9.8433831e-02   1.4205139e-03  -3.5372334e-01   3.5113100e-02   5.3438738e-02  -1.2483320e-01   4.4591541e-01  -5.1630961e-02   2.8724141e-01  -1.5362191e-01   1.2882620e-01  -4.4177781e-02   5.4130473e-02  -7.0657677e-02   1.2799832e-02   6.9357064e-03   1.6349957e-03   5.4619244e-03   1.5933916e-02  -2.6109482e-02   1.1636994e-02   1.6751973e-03  -1.3094339e-02  -9.9010995e-03   5.9933507e-04   1.9442504e-03   2.4067996e-03   2.6710619e-03   4.3343836e-04  -1.1863462e-03   1.5660808e-03   1.2276464e+00
  -4.1875000e-02  -3.8500000e-04   2.7703000e-02  -4.1414000e-02   1.0796000e-02   1.7936700e-01  -1.5056000e-02  -9.8270000e-03   1.2827000e-02   1.1380000e-03  -2.0510000e-03   6.6010000e-03   1.1554000e-02   4.8930000e-03   1.0009000e-02  -1.1280000e-03  -1.3760000e-03  -2.0730000e-03  -8.2900000e-04   1.7770000e-03   2.8000000e-05  -7.7600000e-04   5.8300000e-04   6.0000000e-06   1.1500000e-04   2.3800000e-04   1.3000000e-05   2.2900000e-04   3.2500000e-04   1.7200000e-04   2.9944000e-02   1.2627000e-02  -2.0688000e-02   1.2295000e-02  -8.2500000e-03  -1.2486300e-01   5.1090000e-03   1.1867000e-02  -6.3350000e-03  -4.5600000e-04   2.4430000e-03  -2.0830000e-03  -4.9500000e-03  -2.7180000e-03  -4.9370000e-03   5.1812000e-02  -9.4980000e-02   2.0013000e-02   5.4946000e-02  -7.6744000e-02   4.3218000e-02  -2.2657000e-02  -6.4118189e-03   1.8144836e-03  -1.5660461e-02   3.1968486e-02  -5.4757026e-02   5.4610098e-02  -5.0805615e-02   5.3521174e-02   3.5573707e-01  -3.6907707e-01   3.0765726e-01  -6.5101947e-02  -2.2958358e-02   1.7415670e-01   3.4671587e-02   1.2181156e-02  -2.1125656e-02   1.1143021e-02  -3.4063958e-02  -7.3691323e-02  -2.0135449e-02   3.1932310e-02  -1.1495141e-01  -3.0196940e-01  -1.0137564e-01  -3.9136983e-01  -3.1714614e-01  -3.2988527e-01   2.8388660e-01   1.2080083e-01   6.5660737e-02   5.2067491e-03   2.2143085e-02   1.8544051e-02  -1.6423199e-02   7.5858464e-02  -2.8321886e-02  -1.0075444e-02  -1.2906274e-02   7.9389256e-04  -5.0514342e-03  -7.0912961e-03   2.0443113e-03  -4.4220981e-03  -1.1305277e-03   1.0463898e-03   1.2211221e-04  -1.3581994e-03  -2.6563061e-04  -8.2888943e-04   4.5642340e-04   6.9186897e-01
  -1.0814000e-02  -5.0444000e-02  -3.4019000e-02   2.5571000e-02   4.0380000e-03  -1.5056000e-02   1.5126600e-01  -2.1600000e-04  -8.6650000e-03   1.8328000e-02   5.4640000e-03   5.8740000e-03   1.1312000e-02   1.2713000e-02   7.0000000e-03  -1.7000000e-04  -1.5470000e-03   9.0200000e-04  -9.0000000e-04  -2.0440000e-03   7.5500000e-04   5.0000000e-06  -6.9800000e-04   1.9700000e-04   1.5100000e-04   2.6400000e-04  -1.0800000e-04   7.6000000e-05   2.6600000e-04   3.1300000e-04   6.4800000e-04   2.7452000e-02   1.4097000e-02  -4.9500000e-03   2.9760000e-03   5.0890000e-03  -1.1274700e-01  -6.8800000e-04   8.9980000e-03  -9.6070000e-03   5.9900000e-04  -1.5990000e-03  -3.0130000e-03  -5.6540000e-03  -2.1390000e-03   6.5855000e-02  -6.8155000e-02   7.9988000e-02  -7.2827000e-02  -6.7129000e-02   6.2536000e-02  -1.8444000e-02  -7.7907026e-03  -1.4170244e-02   1.2629011e-02  -7.1090716e-03   1.1876594e-02  -5.8855379e-02  -9.5214757e-02   5.0932099e-03  -2.1421852e-01  -4.0148154e-01  -3.0924822e-01  -1.1531495e-01  -4.8516939e-02  -5.0918294e-02  -2.1512575e-02  -1.8933566e-01   1.7972722e-02  -3.2426723e-02   2.4634973e-02  -8.5570429e-02  -1.2518946e-01  -2.1634838e-02   2.8724480e-02   1.8156993e-01   9.8217324e-02  -2.0961069e-01  -1.9066254e-01   4.9843403e-01   2.9715451e-01   1.1731637e-01   1.9512741e-01   2.7187621e-01  -1.0626299e-01   4.0308559e-02   2.2553427e-02  -2.9732318e-02  -3.9377390e-02   4.8758507e-03   3.8405317e-02  -1.8604963e-02   2.9575526e-04   2.3336175e-03  -1.0643471e-02  -7.3386328e-03  -4.5869661e-03  -1.2697514e-03   1.0176722e-03  -8.3682773e-05  -9.1750768e-05  -1.2291664e-04  -1.5767943e-04   6.1557138e-01
   3.7929000e-02  -8.5030000e-03  -4.9023000e-02  -1.4230000e-02   2.0498000e-02  -9.8270000e-03  -2.1600000e-04   1.2684400e-01  -1.3970000e-03   1.6900000e-04   1.2926000e-02  -2.1350000e-03   8.3600000e-03   1.6310000e-03   3.2270000e-03   1.9560000e-03   7.4300000e-04   9.4000000e-05  -7.7000000e-05  -1.1110000e-03  -5.7100000e-04   7.1200000e-04   2.9000000e-05  -5.2900000e-04   1.1300000e-04  -2.6100000e-04   1.2700000e-04  -2.5900000e-04   8.4000000e-05   1.4700000e-04  -1.9138000e-02   8.7930000e-03   2.2665000e-02   6.3130000e-03  -5.6250000e-03   1.1863000e-02  -6.9700000e-04  -9.8213000e-02   1.4950000e-03   3.6370000e-03  -6.3720000e-03   1.7840000e-03  -2.7300000e-03   5.5900000e-04  -1.1840000e-03  -5.3971000e-02   5.9975000e-02  -1.2179000e-02  -5.3764000e-02   7.9504000e-02  -1.8414000e-02  -2.3436000e-02   5.3764068e-03  -9.3245368e-03   1.4381187e-02  -2.1419134e-02   2.7393715e-02  -9.2588934e-02   2.5477637e-03   7.3237047e-02  -7.9354733e-02   1.5208039e-01   7.3594369e-02  -3.5717071e-01  -1.9198873e-01   3.2027191e-01  -2.6956218e-02  -1.0972481e-01  -7.0770539e-02   1.4601060e-01   4.3412756e-03   9.9552549e-02  -9.2434878e-02   2.6882753e-02  -5.3101531e-03   7.1092965e-02  -7.0326843e-03  -1.3796661e-01   2.5648073e-01  -1.1628287e-01  -2.5446478e-01   5.5787349e-01   5.9467184e-02   1.3511451e-01  -3.4034450e-01   7.2604517e-02  -1.0779536e-02   2.2636297e-02   2.2566414e-02   4.7317115e-03  -1.9736514e-02   1.9970869e-02  -1.5197147e-03  -3.2690869e-03   3.9796662e-03   7.2477519e-03   1.4807699e-03  -1.0216158e-03   6.6229588e-04   2.8573083e-03  -8.6410349e-04  -1.4657108e-03  -4.3189057e-05   5.6796502e-01
  -6.1930000e-03   9.6190000e-03  -7.1440000e-03  -1.1330000e-02   7.4540000e-03   1.2827000e-02  -8.6650000e-03  -1.3970000e-03   1.1314600e-01   3.4600000e-04   8.1910000e-03   1.5082000e-02   3.3960000e-03   1.0633000e-02   2.5930000e-03   1.1680000e-03  -5.3100000e-04  -1.1890000e-03  -7.3400000e-04  -2.8100000e-04  -1.5000000e-05  -2.3000000e-04   5.5700000e-04   5.1000000e-05  -3.1600000e-04  -1.9300000e-04  -8.0000000e-06   2.3000000e-04   4.0000000e-06   2.4600000e-04   8.0550000e-03   2.5320000e-03   4.5130000e-03   6.3590000e-03  -5.3700000e-03  -6.3300000e-03   8.9880000e-03   1.5150000e-03  -8.7665000e-02   1.0950000e-03   1.2870000e-03  -7.6030000e-03   5.2600000e-04  -3.6370000e-03   6.9400000e-04   1.5951000e-02  -1.3914000e-02   6.9000000e-04  -9.4860000e-03   1.9633000e-02  -8.6470000e-03  -2.8646000e-02  -1.2986412e-05  -1.0038790e-03   5.6531304e-03   1.3477356e-02   5.4976391e-04  -6.8985575e-04   5.9220568e-03   5.7142010e-02   7.7977982e-02   3.3139057e-02   1.5507078e-01   5.0334150e-02  -3.5241577e-01  -3.2540058e-01  -2.0629845e-02  -2.6391325e-01  -1.1758290e-01  -3.1812184e-02   9.8116208e-02   3.2665932e-02  -2.6658348e-02  -5.3857778e-02  -5.3353952e-02  -5.9971624e-02   1.9025622e-02  -1.8346659e-01  -7.8329785e-02  -3.5397023e-02  -3.9151654e-01  -3.5304822e-01   4.7093371e-01   7.0523219e-02  -2.1002653e-01  -1.7107034e-01  -2.0837312e-02  -8.1496651e-02  -5.1266965e-03   1.2343440e-03   1.6374511e-02  -2.1639406e-03   3.0034049e-03   6.8217180e-03  -4.8989377e-03  -6.0043622e-03  -3.3374724e-03   3.0202289e-04   5.5336523e-04   1.6254738e-03  -2.4051091e-03   3.2914752e-04  -1.2352329e-03   4.1811689e-01
  -1.6458000e-02  -1.9969000e-02   2.0785000e-02   7.1990000e-03  -5.4630000e-03   1.1380000e-03   1.8328000e-02   1.6900000e-04   3.4600000e-04   9.9721000e-02   7.8160000e-03   1.0519000e-02   1.2997000e-02   8.5000000e-05   5.9480000e-03   1.2090000e-03  -9.8000000e-05   5.5100000e-04  -1.1000000e-04  -7.7600000e-04  -1.0900000e-04  -1.4500000e-04  -1.1000000e-04   3.4600000e-04   4.1000000e-05  -2.4400000e-04  -2.2600000e-04  -1.1900000e-04   7.8000000e-05  -1.0000000e-06  -6.7900000e-04   9.4310000e-03  -4.8280000e-03   2.3670000e-03   5.4700000e-03  -4.9600000e-04  -9.6030000e-03   3.6340000e-03   1.0870000e-03  -7.9486000e-02  -2.6060000e-03  -3.8400000e-04  -5.0660000e-03   2.1930000e-03  -1.5120000e-03   5.2145000e-02  -3.8666000e-02   3.7547000e-02  -4.2994000e-02  -2.3370000e-02   1.0290000e-02  -1.3839000e-02  -3.9397093e-03  -4.0027241e-03   1.2153303e-02   7.3230476e-03   1.0219075e-02   1.8700277e-02  -3.9485752e-02  -4.0997851e-02  -6.2485859e-03  -1.0487698e-01  -1.3261302e-01  -6.2646620e-02  -1.7943317e-01  -8.5112010e-02  -2.6015436e-02   3.5853601e-01  -3.3430140e-01   1.6777545e-01   3.0797384e-02   1.0603337e-02  -6.6087594e-03   9.1328828e-02   4.0345692e-02   1.0434513e-02  -3.5413398e-02  -1.5712071e-01  -3.5662579e-02   2.4071132e-01  -6.9884564e-02   1.4282516e-01   7.1218301e-02  -6.7415065e-01  -1.0688090e-03  -1.9584026e-01   6.0177862e-02   1.6535659e-01  -1.8998806e-02  -2.9531973e-03  -5.8208079e-02   2.5034645e-02   4.1131666e-03  -3.0844506e-03  -4.2425066e-03   4.6420586e-03  -9.3378726e-04  -1.7547320e-03  -1.7418439e-03   5.5147079e-04  -7.4255922e-04  -2.1221794e-03  -3.8491247e-04   2.9077958e-01
  -2.7403000e-02  -6.8110000e-03   2.2298000e-02   2.6360000e-02   1.8650000e-03  -2.0510000e-03   5.4640000e-03   1.2926000e-02   8.1910000e-03   7.8160000e-03   9.3190000e-02   6.3650000e-03   1.5572000e-02   1.2112000e-02   1.2800000e-04  -1.9300000e-04  -2.4800000e-04  -6.9400000e-04   1.6100000e-04   4.3000000e-05  -2.4500000e-04  -2.6800000e-04   2.5800000e-04   2.0500000e-04   2.7200000e-04   4.1000000e-05   5.7000000e-05  -3.0000000e-05   1.0900000e-04   1.8400000e-04   8.9840000e-03  -1.0320000e-03  -9.0690000e-03  -1.2866000e-02   1.5640000e-03   2.4620000e-03   5.7800000e-04  -6.3690000e-03   1.2680000e-03  -2.6070000e-03  -7.4655000e-02  -1.7790000e-03  -2.8900000e-03  -4.2850000e-03   3.0030000e-03   8.0254000e-02  -4.8023000e-02   4.7509000e-02  -8.9880000e-03  -7.4962000e-02  -3.8820000e-03  -1.4417000e-02  -6.3099401e-03   6.6431189e-03   6.8460534e-03   8.4610353e-03   2.4617732e-04   4.1407691e-02  -5.0924427e-03  -2.2653177e-02  -6.7011095e-02   2.0996511e-02   3.0651071e-02  -1.4149522e-01  -2.3626384e-01   6.2608488e-02   4.9603623e-06   1.5277164e-01   1.9297095e-02  -4.6697127e-01   4.5630533e-02  -1.0451927e-01   2.3045560e-02  -1.8118026e-02  -9.6425980e-03   3.2980288e-02   9.9911066e-02  -1.5902878e-01   4.0695161e-02   3.2443611e-02  -2.5998703e-01   1.4753993e-01   8.5642521e-02   1.4022810e-01   6.5985980e-01   2.4636453e-02   4.3157041e-02   1.5816528e-01   1.8108276e-02  -8.0465577e-03   1.6213500e-01  -1.0460411e-01  -2.4840077e-04   5.0358491e-03  -9.8089175e-03  -6.8624550e-03  -4.9241863e-03   4.5049881e-03  -7.0888648e-04   2.3006418e-03   2.8875803e-03  -6.1231389e-05   2.3965719e-04   2.7490555e-01
  -3.9310000e-02  -1.8944000e-02   8.6540000e-03   9.2350000e-03   1.9569000e-02   6.6010000e-03   5.8740000e-03  -2.1350000e-03   1.5082000e-02   1.0519000e-02   6.3650000e-03   8.1072000e-02   1.6266000e-02   1.8091000e-02   1.3553000e-02   1.2410000e-03  -1.0090000e-03  -5.1400000e-04  -1.4630000e-03  -6.5700000e-04   3.0000000e-06   1.1900000e-04  -1.1400000e-04   2.6000000e-05   2.4200000e-04  -2.4000000e-05   3.8000000e-05  -4.7000000e-05  -2.0000000e-05   1.0700000e-04   1.5209000e-02   1.2424000e-02  -1.6400000e-03  -2.4480000e-03  -9.1880000e-03  -2.0850000e-03  -1.6060000e-03   1.7820000e-03  -7.5770000e-03  -3.7600000e-04  -1.7860000e-03  -6.5199000e-02  -8.3580000e-03  -5.1350000e-03  -4.9930000e-03   9.1999000e-02  -7.4068000e-02   5.1472000e-02  -3.0207000e-02  -8.3648000e-02   3.7758000e-02  -8.9270000e-03  -8.1941077e-03  -2.1418005e-03   4.5364233e-03   1.3589091e-02   4.0804998e-03   2.0556564e-02  -3.7432022e-02   4.0271891e-02  -1.3998081e-03  -1.7531947e-02   2.9335937e-02  -7.5221601e-02  -1.5748686e-01  -1.9038913e-01  -1.7754629e-02   8.5490875e-02   1.8917922e-01   4.9120978e-02  -3.9358181e-01  -2.2638860e-03  -1.2143075e-01   2.4479866e-01  -2.4931094e-02   2.2303742e-02  -3.7156318e-02  -1.7158196e-01   2.7248048e-02   6.6511671e-02  -1.2195719e-01  -1.8447789e-01  -1.0396298e-01  -1.4322945e-01  -7.4189161e-02   7.1685830e-01  -4.0722793e-02   1.0916819e-02   7.8844699e-03  -7.6063161e-03   1.1407554e-01  -3.5261943e-02  -7.3036288e-04  -9.5311571e-05   1.8021641e-03   6.4078151e-03  -3.4940622e-04  -2.8797791e-03  -5.7009523e-03  -2.0691532e-03   1.7169847e-03   1.1911697e-03  -1.7176028e-04   2.5871328e-01
  -2.5049000e-02  -1.9407000e-02   1.1570000e-03   1.1267000e-02   1.5040000e-02   1.1554000e-02   1.1312000e-02   8.3600000e-03   3.3960000e-03   1.2997000e-02   1.5572000e-02   1.6266000e-02   7.4064000e-02   1.7887000e-02   2.1932000e-02   7.1200000e-04   5.0000000e-06   5.1000000e-05  -3.2000000e-04  -7.1000000e-04  -2.2700000e-04  -8.2000000e-05   2.5900000e-04  -2.2700000e-04   1.3500000e-04   4.4000000e-05   7.3000000e-05   3.0000000e-05  -8.9000000e-05   7.8000000e-05   8.8060000e-03   1.0475000e-02   2.1090000e-03  -2.2230000e-03  -5.3330000e-03  -4.9500000e-03  -3.0180000e-03  -2.7050000e-03   5.3300000e-04  -5.0480000e-03  -2.8770000e-03  -8.3580000e-03  -5.8938000e-02  -7.1060000e-03  -6.9370000e-03   7.3163000e-02  -5.5415000e-02   4.9430000e-02  -2.6199000e-02  -5.9236000e-02   1.2159000e-02  -1.7534000e-02  -6.1367940e-03  -1.9058077e-04   9.0237342e-03   9.4337835e-03   1.2452594e-04   4.3330127e-03  -3.5759755e-02   3.0411551e-02  -2.0952957e-02  -6.7518733e-02   3.3290868e-02  -1.1504408e-01  -1.5288730e-01  -4.4881227e-02  -8.4251330e-03   1.9961729e-01   1.7993630e-01   9.4939616e-02  -4.7356400e-02  -9.6109882e-03  -7.4963988e-02  -4.5005192e-01  -2.5390894e-02  -2.6681260e-04   6.2649046e-02  -2.0044030e-01  -2.7772462e-03   3.8137475e-02  -8.8357680e-02   1.0198448e-02  -2.5316835e-01  -4.9625539e-02   1.1612146e-01  -8.1823921e-02  -9.9480371e-02  -6.7631512e-01   1.0312505e-02   3.0314297e-03  -1.9989999e-01   1.1279858e-01   2.1686678e-03   2.4222720e-03   4.0092634e-03  -1.9686626e-03  -4.2527170e-04   3.8644562e-03  -4.3785517e-03   3.1302317e-03   1.0497771e-03   6.4611184e-04   4.8465692e-04   2.3478946e-01
  -3.4183000e-02  -2.4753000e-02  -1.6030000e-03   3.5060000e-03   1.9125000e-02   4.8930000e-03   1.2713000e-02   1.6310000e-03   1.0633000e-02   8.5000000e-05   1.2112000e-02   1.8091000e-02   1.7887000e-02   7.3468000e-02   3.1934000e-02   4.4600000e-04  -2.0600000e-04  -3.0800000e-04  -7.9000000e-04  -6.6200000e-04  -3.2300000e-04  -2.4200000e-04  -9.4000000e-05   1.7000000e-05  -6.1000000e-05  -6.9000000e-05   4.8000000e-05   1.1500000e-04   3.6000000e-05   2.7000000e-05   1.2328000e-02   1.3267000e-02   1.9120000e-03   1.6570000e-03  -7.9560000e-03  -2.7250000e-03  -5.6520000e-03   5.7700000e-04  -3.6260000e-03   2.1930000e-03  -4.2890000e-03  -5.1320000e-03  -7.1020000e-03  -5.5304000e-02  -1.5691000e-02   8.6531000e-02  -7.4024000e-02   5.8268000e-02  -2.5842000e-02  -9.6786000e-02   4.7361000e-02   2.2500000e-04  -8.6458527e-03  -3.0257759e-03   2.1208057e-03   7.0886578e-03  -1.0573066e-03  -3.8662066e-03  -4.0495092e-02   4.3598511e-02  -8.2057924e-03  -4.5698197e-02   8.6982329e-03  -8.5635237e-02  -1.3187340e-01  -1.0147684e-01  -7.1183593e-03   7.9757417e-02   3.0531451e-01   1.5281083e-02   2.7851099e-01   2.3509727e-02  -2.6827380e-03   1.1604122e-01  -3.7271970e-02   1.1296279e-01  -3.2504183e-01  -1.6943640e-01   2.3268717e-02   7.4512151e-02  -1.0269241e-01  -1.5924767e-01  -3.1903606e-01   1.9123444e-01  -3.2131471e-02  -1.0462302e-01   8.5691016e-02   3.8364819e-01  -1.2933835e-02  -1.1809244e-02  -4.6815849e-01   2.2885416e-01  -3.5224321e-03  -1.1149457e-02   6.2113098e-03   2.3004497e-03   1.1783068e-02   1.5475028e-04  -1.8314488e-03  -6.7750942e-03   9.3058347e-05   1.3537636e-03   8.4360956e-05   2.2965930e-01
  -4.5120000e-02  -2.2109000e-02  -1.5840000e-03   9.6740000e-03   1.4523000e-02   1.0009000e-02   7.0000000e-03   3.2270000e-03   2.5930000e-03   5.9480000e-03   1.2800000e-04   1.3553000e-02   2.1932000e-02   3.1934000e-02   7.0080000e-02   3.5300000e-04  -1.9600000e-04  -3.2000000e-04  -7.4400000e-04  -7.3200000e-04  -1.7100000e-04  -3.0900000e-04  -1.4400000e-04  -2.4000000e-04   1.1000000e-05  -1.7600000e-04  -8.5000000e-05  -5.9000000e-05   4.0000000e-06   2.8000000e-05   1.7278000e-02   9.8150000e-03   2.3840000e-03  -2.4700000e-03  -5.1950000e-03  -4.9500000e-03  -2.1360000e-03  -1.1730000e-03   7.0500000e-04  -1.4920000e-03   2.9990000e-03  -4.9830000e-03  -6.9340000e-03  -1.5693000e-02  -5.2327000e-02   1.0617200e-01  -8.7426000e-02   5.8610000e-02  -1.7419000e-02  -1.2205200e-01   5.5971000e-02  -2.8150000e-03  -1.0289018e-02  -9.5463859e-04  -1.9710034e-03   1.1473704e-02   8.0687358e-04   1.8770277e-03  -3.6164474e-02   4.0763002e-02  -9.0966987e-03  -5.2476354e-02   2.1627751e-02  -4.9226396e-02  -1.0299529e-01  -3.6290797e-02  -4.4428301e-03   1.2027821e-01   2.5866697e-01   1.7091103e-01   2.2533509e-01   6.3719188e-02  -2.7251760e-03   1.3480046e-01  -3.7628860e-02  -1.2689413e-01   3.6933462e-01  -1.0944456e-01  -2.6849771e-02   2.4532777e-02  -6.5792970e-02  -9.0721266e-02  -3.9009914e-01   5.1279244e-02  -1.8469891e-01  -2.6302430e-01   3.0025260e-02   8.0964332e-02  -2.1976079e-02   1.6975691e-03   5.2769712e-01  -2.6628355e-01   4.5176972e-03   6.0800034e-03  -9.9398923e-03  -6.1032199e-03  -6.1563325e-03   1.4015036e-03   7.8606448e-03   1.6209292e-03   2.9187596e-03  -1.5007619e-03   6.4742007e-04   2.1201478e-01
  -2.8380000e-03  -1.4586000e-02  -9.4500000e-03  -1.0939000e-02  -9.2100000e-04  -1.1280000e-03  -1.7000000e-04   1.9560000e-03   1.1680000e-03   1.2090000e-03  -1.9300000e-04   1.2410000e-03   7.1200000e-04   4.4600000e-04   3.5300000e-04   2.9159000e-02   4.3420000e-03  -5.2560000e-03  -5.1760000e-03  -7.0110000e-03  -2.3610000e-03  -4.0000000e-06   1.7180000e-03  -6.7900000e-04  -1.3700000e-04  -9.0100000e-04  -1.4610000e-03  -8.5700000e-04  -1.1590000e-03  -1.6350000e-03  -1.5800000e-04   1.1286000e-02   1.0773000e-02   7.9780000e-03   3.5300000e-04  -1.7700000e-04   2.9600000e-04  -1.6720000e-03  -7.0300000e-04  -1.3560000e-03   3.7900000e-04  -1.2310000e-03  -9.1800000e-04  -7.6000000e-04  -9.1900000e-04  -4.3335000e-02  -9.0131000e-02  -1.2290000e-02  -8.7664000e-02   1.7570900e-01   3.9982000e-02   1.1740000e-03   4.1278126e-03  -3.4107947e-02   1.9728504e-02   5.1563172e-02  -3.6967098e-03   2.2432371e-03  -2.1993089e-02   1.0805375e-02  -1.5375815e-02   2.1939102e-02   1.0113865e-03   2.0910162e-02  -8.0237657e-03   1.3611374e-02  -3.7595953e-02   7.2641577e-03  -2.4710793e-03   9.0687085e-03   2.5580549e-03  -2.8253859e-02  -7.6304381e-03   5.7123173e-03  -1.1962979e-02   9.0005449e-03  -1.3621692e-03   3.2615984e-02   6.7055953e-03  -5.4806579e-02  -1.6211790e-02   1.0629525e-02   9.8903520e-03   6.4779796e-03  -6.4666017e-03   3.9826350e-02   4.0621951e-01  -9.0627679e-02  -5.4389726e-01  -5.3776471e-01  -1.0311888e-03   1.2422383e-02   1.7908889e-01  -1.3971681e-01  -3.5288435e-01  -1.8555750e-01  -1.0946263e-01   7.5177824e-03  -1.4236138e-02   2.6242851e-02   3.7992672e-02   9.8612828e-03   3.7325363e-02   2.0301999e-01
   1.4159000e-02  -1.2800000e-04  -3.4150000e-03  -5.6690000e-03  -8.8680000e-03  -1.3760000e-03  -1.5470000e-03   7.4300000e-04  -5.3100000e-04  -9.8000000e-05  -2.4800000e-04  -1.0090000e-03   5.0000000e-06  -2.0600000e-04  -1.9600000e-04   4.3420000e-03   2.3418000e-02   5.5500000e-04   1.3250000e-03  -1.0250000e-03  -9.4800000e-04  -2.3200000e-03  -6.9900000e-04  -1.1100000e-04  -7.8200000e-04   3.1000000e-05  -1.0110000e-03  -8.9700000e-04  -1.1260000e-03  -8.7200000e-04  -1.1250000e-02  -1.3500000e-04   1.9470000e-03   4.0170000e-03   7.0620000e-03   1.6990000e-03   1.1480000e-03  -1.5600000e-04   6.2300000e-04  -2.9600000e-04  -3.6600000e-04   8.4300000e-04  -5.4700000e-04   1.0500000e-04  -2.0000000e-04  -5.5640000e-02   4.6850000e-03  -8.4438000e-02   4.6978000e-02   1.0741600e-01  -1.9440000e-02  -3.0900000e-04   6.8749999e-03  -1.3730088e-03  -8.4290502e-03   3.1377899e-02  -5.6991321e-03  -1.9230457e-02  -2.3809918e-02  -1.9866514e-02   4.5204151e-04   1.6578689e-02   1.8769509e-03  -8.1929573e-04   6.8021418e-03   2.2008201e-03   2.8438301e-02   7.1867553e-03   5.6273040e-03  -3.9409725e-03   2.2661716e-02  -5.7637539e-03  -7.0257243e-02  -3.3821241e-03   3.9514057e-02  -2.5786453e-02  -2.9040269e-03   1.7534861e-02   5.7354599e-02   1.8953983e-02  -1.8225168e-02   2.8062956e-03   2.7693552e-03  -2.7167838e-03   3.0806352e-02  -1.3614775e-02  -5.5954910e-01   8.4760921e-02  -7.3398919e-01   2.4627723e-01  -4.8619352e-02  -7.2283760e-02  -1.8600479e-01   5.3457681e-02  -4.9736077e-02   8.3794646e-02  -7.8827432e-02   2.5409693e-02  -1.8726552e-02  -3.5639846e-02  -1.3060093e-02   8.0968214e-03  -1.3801075e-02   1.9328017e-01
   1.0562000e-02   3.5360000e-03  -3.3000000e-05   5.3600000e-04  -3.9510000e-03  -2.0730000e-03   9.0200000e-04   9.4000000e-05  -1.1890000e-03   5.5100000e-04  -6.9400000e-04  -5.1400000e-04   5.1000000e-05  -3.0800000e-04  -3.2000000e-04  -5.2560000e-03   5.5500000e-04   1.6512000e-02   3.5120000e-03  -1.6930000e-03   1.7210000e-03  -1.3570000e-03  -2.0080000e-03  -3.5500000e-04   5.1900000e-04   8.5600000e-04   1.9900000e-04  -1.2500000e-04  -1.4000000e-04  -1.6100000e-04  -1.0718000e-02  -1.9600000e-03  -8.1000000e-05  -2.5400000e-04   4.1930000e-03   2.6520000e-03  -1.8400000e-04  -8.2000000e-05   1.0650000e-03  -3.9800000e-04   2.1300000e-04   4.0800000e-04  -1.4200000e-04   4.4100000e-04   3.5200000e-04  -1.4790000e-03   3.6208000e-02  -1.6089000e-02   2.7699000e-02  -1.3433000e-02  -3.4386000e-02  -8.1500000e-04   1.2306237e-03   1.0604248e-02  -2.2783353e-03  -8.9858097e-03   4.6825972e-03  -1.5219206e-02   2.7089249e-03  -1.5452116e-02   2.2830420e-03  -2.6495810e-03  -4.4437979e-03  -6.6264313e-03   3.0990240e-03  -6.3375854e-03   1.9984613e-02   5.9883181e-03   4.0114960e-03   2.0467511e-03   3.5218465e-04   2.4744195e-03  -1.3907890e-02  -1.8040974e-03  -1.3519724e-02  -1.0866840e-02  -1.8410847e-03   8.4774123e-03  -1.0218362e-02   4.8526998e-02   3.8213737e-03   8.2099489e-03  -7.2158595e-03   2.0175895e-04  -9.7331292e-03  -3.3557940e-02  -5.5278661e-01   9.2870138e-02   2.8077530e-01  -5.2370286e-01  -1.5292433e-01  -2.8081044e-01   2.4965455e-01   2.5414411e-01  -2.4507084e-01  -3.7851757e-02  -9.3751488e-02   1.3839010e-01   3.7509182e-02  -7.1124914e-02   2.8083035e-02  -2.6207202e-02   2.2289113e-02   1.7993789e-01
   1.0872000e-02   5.5860000e-03  -6.3900000e-04   1.9000000e-05  -1.8260000e-03  -8.2900000e-04  -9.0000000e-04  -7.7000000e-05  -7.3400000e-04  -1.1000000e-04   1.6100000e-04  -1.4630000e-03  -3.2000000e-04  -7.9000000e-04  -7.4400000e-04  -5.1760000e-03   1.3250000e-03   3.5120000e-03   1.3910000e-02  -3.5200000e-04  -1.3310000e-03   4.3100000e-04  -5.4000000e-04  -5.3900000e-04  -1.1800000e-04   1.1230000e-03   2.5400000e-04   2.1400000e-04  -8.2000000e-05   2.5500000e-04  -7.9510000e-03  -3.9990000e-03   2.3900000e-04  -6.5000000e-05   1.5300000e-03   8.5500000e-04   1.3840000e-03   3.4600000e-04   3.7600000e-04  -1.3700000e-04  -2.9400000e-04   1.1770000e-03   6.0000000e-06   6.2900000e-04   6.2900000e-04  -1.3749000e-02   4.7131000e-02  -2.7574000e-02   3.8705000e-02  -1.0123000e-02  -3.2999000e-02   7.6000000e-05   2.0661451e-03   1.1476567e-02  -6.3656012e-03  -1.0883635e-02   3.4762136e-03  -1.2133441e-02   2.1924959e-03  -6.7452638e-03   7.0098379e-03   5.5039156e-04   2.0945161e-03  -7.2039492e-03   6.5364772e-03  -5.7886506e-03   2.4427421e-02   8.2480211e-03  -2.2454251e-03  -4.9196952e-03   7.4691395e-03  -8.9154541e-03  -1.7142356e-02  -5.3470421e-03  -1.1434259e-03  -1.4191636e-02  -3.4071910e-04   4.6589058e-03   1.1285228e-02   3.8097494e-02   4.9874546e-03   2.7421266e-03   3.0931467e-03   6.2866608e-03   2.2133377e-02  -3.8171144e-02  -3.6305381e-01   7.3667490e-02   9.0000886e-02  -1.5029235e-01   3.4396999e-01   6.7180316e-01   7.9506750e-02  -4.6005259e-01  -1.0577720e-01  -8.3196376e-02   7.2369085e-02  -5.2296468e-02   6.2785369e-02  -7.8905531e-02   2.7682659e-02   2.5444408e-02  -3.3735776e-02   1.5290677e-01
   6.8500000e-04   8.6280000e-03   3.7160000e-03   1.8320000e-03  -3.0000000e-06   1.7770000e-03  -2.0440000e-03  -1.1110000e-03  -2.8100000e-04  -7.7600000e-04   4.3000000e-05  -6.5700000e-04  -7.1000000e-04  -6.6200000e-04  -7.3200000e-04  -7.0110000e-03  -1.0250000e-03  -1.6930000e-03  -3.5200000e-04   1.1563000e-02   4.6900000e-04  -2.7500000e-04   5.0800000e-04   4.0500000e-04  -4.1600000e-04  -9.4000000e-05   8.0100000e-04   4.9500000e-04   6.9300000e-04   4.9300000e-04  -2.8600000e-04  -7.0570000e-03  -4.1930000e-03  -1.5290000e-03  -3.9000000e-05  -1.4760000e-03   1.2250000e-03   1.3500000e-03   2.5300000e-04   3.1200000e-04  -3.9400000e-04   7.4700000e-04   6.4500000e-04   5.7000000e-04   7.6500000e-04   1.6660000e-02   1.4405000e-02   2.0643000e-02   2.3165000e-02  -5.4534000e-02  -1.5300000e-02   2.4900000e-04  -1.8552743e-03   9.6016200e-03  -2.6015411e-03  -1.4074552e-02  -8.0638121e-03   1.5405029e-03   2.0951030e-02  -5.8992672e-03   9.1983916e-03  -9.9580754e-03   3.8334318e-03  -2.2440566e-04   3.0173470e-04   1.4168996e-03   1.7372830e-02  -2.1853875e-03  -1.3284428e-03  -4.6193665e-03  -4.8829120e-03   1.4882950e-02   1.3613766e-02  -8.5607175e-04   3.8362496e-03   5.1183221e-03  -1.7271357e-03   6.6622307e-04  -2.0395508e-02  -4.4786869e-03  -1.1949126e-02   5.2280509e-03  -1.6153261e-02  -3.9877933e-03  -6.9768127e-03   1.5783397e-02   3.7447930e-03   7.5264419e-03   6.9577559e-02   5.6915806e-01  -4.6206659e-02  -5.0462674e-02   4.3873879e-01  -2.6498663e-03  -5.7427090e-01  -3.4021349e-01   2.5975482e-02  -2.8666520e-02   1.1403687e-01   6.5827705e-02   6.7743756e-02  -2.0782664e-03   4.4481733e-02   1.4972724e-01
   8.5400000e-04   1.3120000e-03   2.0290000e-03   8.4400000e-04  -1.7750000e-03   2.8000000e-05   7.5500000e-04  -5.7100000e-04  -1.5000000e-05  -1.0900000e-04  -2.4500000e-04   3.0000000e-06  -2.2700000e-04  -3.2300000e-04  -1.7100000e-04  -2.3610000e-03  -9.4800000e-04   1.7210000e-03  -1.3310000e-03   4.6900000e-04   8.8480000e-03  -5.5800000e-04  -9.7800000e-04   4.8400000e-04   2.9000000e-05  -1.9400000e-04   1.9500000e-04   4.0900000e-04   2.1100000e-04   4.0300000e-04   2.0400000e-04  -1.6950000e-03  -2.6510000e-03  -8.4700000e-04   1.4820000e-03  -2.8000000e-05  -1.1390000e-03   4.5100000e-04   4.7800000e-04   6.2000000e-05  -6.4000000e-05   9.7000000e-05   4.6000000e-04   4.5900000e-04   2.8200000e-04   7.0480000e-03   6.8280000e-03  -1.2700000e-04   8.5430000e-03  -2.1150000e-02  -1.9400000e-04   1.5000000e-04  -6.4744238e-04   3.2171713e-03  -2.8546838e-03  -4.6603304e-03   2.0961331e-03   3.4973938e-04   2.3816593e-03  -6.2041166e-03   3.0940175e-03  -6.2928947e-03  -4.2060929e-03  -1.7044788e-03   1.0596071e-03  -4.4807710e-04   2.9913925e-03  -5.7189337e-03   2.2899733e-04  -2.6055508e-03  -2.5809035e-03   1.0686738e-02  -3.2020597e-03   4.3068220e-04   1.1159766e-02  -2.0904454e-03   1.5056547e-03  -7.1747213e-03   3.3441660e-03   6.9959205e-03  -2.7847927e-03  -1.1008967e-02  -1.2893086e-04  -2.7673172e-03  -9.3943240e-03  -1.2943784e-05  -2.7400589e-02  -1.2639954e-02   1.2580361e-01  -1.5426389e-02  -1.9790971e-01  -4.1481155e-01  -3.1771636e-01  -6.8379330e-01  -2.9970664e-01   2.3745059e-01   1.8138650e-01  -1.1532548e-04   1.2877651e-01   4.6070805e-03  -3.4052591e-02   6.8960293e-02  -2.8906056e-02   1.4114270e-01
  -8.5000000e-05   1.4210000e-03  -9.8000000e-04   9.3700000e-04   2.0310000e-03  -7.7600000e-04   5.0000000e-06   7.1200000e-04  -2.3000000e-04  -1.4500000e-04  -2.6800000e-04   1.1900000e-04  -8.2000000e-05  -2.4200000e-04  -3.0900000e-04  -4.0000000e-06  -2.3200000e-03  -1.3570000e-03   4.3100000e-04  -2.7500000e-04  -5.5800000e-04   7.8150000e-03  -3.6000000e-05  -7.5700000e-04   7.9400000e-04  -3.8000000e-05   1.3800000e-04   2.9500000e-04   4.8600000e-04   2.0500000e-04  -2.4800000e-04  -1.1520000e-03   1.8100000e-04  -1.3840000e-03  -1.2210000e-03   1.1480000e-03  -2.2000000e-05  -1.1290000e-03   2.4400000e-04   3.6400000e-04   3.5800000e-04  -3.9000000e-05   1.7700000e-04   4.4700000e-04   4.9100000e-04   4.8540000e-03  -6.1550000e-03   1.1454000e-02  -1.6518000e-02   1.1330000e-03   4.9260000e-03   2.2500000e-04  -5.3191149e-04  -2.6359739e-03   3.5405309e-03  -7.6164955e-04   2.2370221e-03   2.6828656e-03   8.4554082e-03   2.7162547e-03  -6.5393661e-03   9.8453792e-04   1.7996064e-03  -3.8350690e-03   2.5705739e-03   2.5577635e-04  -1.3944684e-02  -2.8444134e-03  -2.7061635e-03   3.6797450e-03  -5.7904557e-03   1.9639367e-03   9.5535918e-03  -4.4728127e-05  -1.2032607e-02   4.8046657e-03  -1.2633910e-03  -2.1175763e-03  -1.3036122e-02  -9.7447100e-03   4.9698460e-03  -2.2311701e-03  -5.1360343e-03  -5.4240249e-03  -1.7244910e-03   1.4410855e-03   1.0287588e-01  -7.8714691e-03   1.1531791e-01   1.0545034e-02   1.0793654e-01   2.3812680e-01  -6.0376355e-01   3.0915120e-01  -4.3574185e-01  -7.8272994e-03  -1.5560398e-01   4.0741545e-01   2.4428577e-01   2.7150763e-02  -2.3779363e-02  -3.9850767e-02   6.1040771e-02   1.2951977e-01
  -2.2260000e-03  -7.9000000e-04  -8.8000000e-05   8.4000000e-05   1.1020000e-03   5.8300000e-04  -6.9800000e-04   2.9000000e-05   5.5700000e-04  -1.1000000e-04   2.5800000e-04  -1.1400000e-04   2.5900000e-04  -9.4000000e-05  -1.4400000e-04   1.7180000e-03  -6.9900000e-04  -2.0080000e-03  -5.4000000e-04   5.0800000e-04  -9.7800000e-04  -3.6000000e-05   6.7840000e-03  -2.1800000e-04  -2.8000000e-04   5.0500000e-04  -1.7800000e-04   2.4300000e-04  -1.6000000e-05   1.0600000e-04   1.6770000e-03   1.7200000e-04   8.2000000e-05  -3.4100000e-04  -1.3520000e-03  -4.4300000e-04   1.1450000e-03  -7.0000000e-06  -6.2000000e-04  -3.7000000e-05   1.7400000e-04   2.6400000e-04  -2.2900000e-04   2.0000000e-04   2.6800000e-04  -1.4020000e-03  -2.5860000e-03   2.4320000e-03  -1.4474000e-02   8.5480000e-03   5.9620000e-03   9.4000000e-05   3.8206845e-05  -3.0725132e-03   2.1192181e-03   5.3742101e-04   3.6955488e-03   6.0678289e-03   2.5814416e-04   5.4424885e-03   3.8855627e-04   3.4460403e-03   3.5047506e-03   2.5403343e-03  -1.1796308e-03   6.4542242e-04  -1.1473722e-02   1.4012757e-03  -3.6693087e-03   1.4012615e-03   7.5963573e-04  -8.2061513e-03   2.1466130e-03  -4.0806984e-03  -1.1146696e-02   1.9706747e-03  -6.2317412e-04  -1.3039008e-03  -8.6691705e-03  -1.0825588e-02   1.6305242e-03   2.2798826e-04   2.5721051e-03   9.4941107e-03   5.9460654e-03   6.6594271e-03   1.3035517e-01  -2.1398666e-02  -6.0578030e-02   7.5336241e-02   5.7152604e-02   1.1020302e-01   3.7076945e-01   8.8243567e-02  -1.3230779e-01   7.6466491e-01  -5.0934106e-02   1.3591058e-01   2.2839725e-01  -3.5453172e-01  -5.3204637e-02   6.6258132e-02  -5.7504574e-02   1.1539585e-01
  -1.4050000e-03   4.7000000e-04   1.1970000e-03   7.2600000e-04   2.5400000e-04   6.0000000e-06   1.9700000e-04  -5.2900000e-04   5.1000000e-05   3.4600000e-04   2.0500000e-04   2.6000000e-05  -2.2700000e-04   1.7000000e-05  -2.4000000e-04  -6.7900000e-04  -1.1100000e-04  -3.5500000e-04  -5.3900000e-04   4.0500000e-04   4.8400000e-04  -7.5700000e-04  -2.1800000e-04   5.9280000e-03  -1.7600000e-04  -6.2000000e-05   6.1000000e-04  -3.1000000e-05   3.4300000e-04  -1.6000000e-05   7.2900000e-04  -6.1600000e-04  -1.0630000e-03  -3.8100000e-04  -2.6000000e-04  -4.8300000e-04  -2.4700000e-04   6.3700000e-04  -5.0000000e-06  -4.8900000e-04  -3.1300000e-04   3.3300000e-04   4.1700000e-04   1.6600000e-04   3.6400000e-04   3.1500000e-03  -4.4790000e-03   4.4810000e-03   2.9800000e-04  -8.5670000e-03   5.7600000e-03   1.0000000e-04  -5.8228474e-04  -2.8277771e-04  -9.5417959e-04  -6.7799424e-04  -1.5713657e-03   2.1292502e-03   2.1016315e-03  -1.6683636e-03  -8.7222073e-05  -2.6756136e-03  -8.1130615e-04  -4.6825823e-04   8.0801351e-04  -1.9689606e-03   3.1886371e-04  -4.5103291e-05  -4.1405007e-03  -2.8056377e-03   5.6374177e-04   1.3310353e-03   3.4968229e-03   1.2079583e-03   3.1718619e-03   4.9436666e-03  -4.7592683e-04  -1.8957808e-03   2.4517757e-03   9.6358323e-04  -4.1819659e-03  -3.1281639e-03  -3.2661618e-03  -1.4762179e-03  -4.4955834e-03   7.4990214e-03   1.2683055e-03  -1.2468271e-03   1.1079947e-02   6.7874904e-02  -5.3709591e-02  -9.2400805e-02   9.0002993e-02  -2.7769689e-01   3.2912025e-01  -1.6834697e-01  -6.5384323e-01   2.0509980e-01   4.8824429e-01  -5.8649361e-02   1.7739358e-01  -1.1500521e-01   7.5115968e-02   9.7265959e-02
